2392
 400
1255
 578
 477
 773
 313
 192
1362
 355
2252
1052
 348
 157
 853
2052
 407
1272
 264
2668
 792
 718
 370
 242
1503
 567
 644
1260
 257
 485
 743
 243
 339
 183
 363
1019
901389
 365
  92
 200
 298
 154
 287
 142
 220
 656
 217
 355
 164
 472
 180
 279
 292
2844
  90
 616
 210
 281
 160
 389
 196
  76
 179
 124
 722
 672
 263
 267
 260
 164
 259
 157
 287
 246
  75
  99
 235
 298
 114
 597
 303
 146
 106
 188
 698
  65
 144
 174
 184
 463
 203
 200
 230
 161
 136
 557
 103
  85
 182
 172
 233
  98
 158
 225
 162
 189
 141
  69
 181
  90
 148
  84
 248
  86
 264
 103
 175
  97
  88
 172
 201
 176
  99
  87
 190
 224
 178
 157
 188
 338
 229
 248
 177
 166
 300
 195
900245
 234
 307
 134
 192
 239
 160
 214
 276
 559
 151
 210
  65
 209
  68
 118
 154
 195
 217
 195
 124
 114
 189
 250
  71
 202
 191
 119
 292
 815
 172
 205
 202
  66
 109
 119
 208
 184
 177
 197
 286
 207
 164
 178
 193
 131
  81
 151
 220
 131
 215
 136
 108
 364
 187
 181
 183
  95
 157
  98
 114
 193
 211
  95
 152
 347
 209
 108
 147
 336
 226
 152
 213
 144
 791
 154
  98
 142
 151
 187
 159
 160
 161
 207
 205
 164
 216
 171
 111
 207
 190
 108
  70
 264
 138
  67
 155
 197
 283
 240
900219
 189
  94
 267
 222
 149
  65
  83
  73
 299
 166
  81
 140
  76
 166
  89
 113
  84
 174
 110
 147
 158
 190
 158
 171
 198
  63
 193
 158
  89
  87
 138
 141
 120
 197
 120
 272
 165
 131
 144
  99
  75
 304
 191
 160
 210
 148
15086
8373
1501
 183
 198
  66
 191
 163
 192
 140
 144
 388
 185
  63
 363
 185
 102
 103
 142
 158
  78
 132
 168
  63
 162
 259
 194
 174
 167
 163
  95
 128
 124
 210
 143
 102
 123
 279
 229
 143
 146
 146
 343
 199
 161
 225
 154
 208
  62
 154
 140
 202
  98
 137
 183
  80
  73
 137
 160
  62
 141
 245
 312
 108
  77
 226
  64
  74
 218
 216
  70
 207
 162
 149
 180
 146
 230
 133
 176
 263
 204
 213
 202
 235
  67
 152
 178
  92
 104
 196
 232
 286
 222
 120
 193
 171
  96
 114
 152
 144
 143
 388
 181
  77
 217
  88
 226
 161
 302
  79
  70
 143
 164
 102
 225
 162
 282
 236
 265
 144
  79
 161
 168
 237
 154
  96
 194
 116
 169
 139
 225
 104
 334
 269
  86
  92
 150
 166
 168
 344
 133
 207
 142
 184
  62
 166
 163
  95
 103
  65
  94
  77
 127
  74
 202
 184
 253
 194
 157
  61
 134
 132
  80
 186
 157
  77
 188
 157
 171
  98
 184
 268
 190
 134
 195
 178
 265
 100
  75
 167
 131
 514
  97
  89
 105
 201
 165
 175
 211
  93
 249
 205
 107
 155
 206
 138
  71
 250
 115
  71
 285
  98
  85
 175
 189
 190
 159
  77
 165
  70
  65
 154
 164
  95
 166
 184
  60
 180
 107
  61
 225
 306
 123
 197
 178
 179
 228
 203
 158
 237
 175
 259
 123
 136
 166
 197
 102
  61
 141
 151
  79
  83
 282
 192
  84
 205
 156
 144
 233
 186
 162
 167
 205
  91
 259
 253
 227
 203
 240
 264
  73
 261
 600
 257
 203
 171
 454
 154
 255
 215
 189
 420
 290
 208
 231
 122
 135
  88
 162
 158
  62
 340
 243
 196
 191
 177
 135
 190
 152
 180
 247
 125
 202
 112
 130
 176
 124
 151
  92
 163
 104
 209
 366
 254
 126
 159
 140
 148
 165
 122
 140
 173
 203
 116
 196
 117
 348
 166
  81
 109
 180
 492
 194
 156
 157
  96
 134
 200
 107
 224
 195
 423
 113
 273
 180
 192
 178
 210
  95
 335
  99
 190
 195
 188
 143
 236
 183
 287
 496
 288
 265
 243
 201
 157
 214
  83
 251
 344
 251
 237
 168
 140
 236
 239
 212
 147
 384
 330
1011
 569
 701
 778
 951
 422
 439
 116
 498
 180
 654
 213
1022
 464
 312
 295
 282
 650
 202
 203
 161
 401
1474
 108
 214
 199
 233
 161
 354
  96
 175
 180
 173
 253
 266
 129
  69
 109
 265
  91
  72
 178
 272
  75
 219
  70
 203
  95
 319
 244
 190
  71
 215
  75
 213
 118
  64
 166
  66
 192
 160
 199
 242
 248
  75
 159
 148
 173
 394
 185
  71
 195
 276
 206
 425
 112
  95
  70
 182
 175
 150
 220
 222
 111
 149
  98
 188
 177
 107
  98
 130
  85
 185
 210
 193
 150
  89
 185
 125
 173
 285
  85
 172
 193
 186
  73
 171
 233
 170
 137
 159
 221
 158
 107
 122
  70
 165
 225
  79
 216
 186
 158
 142
  96
 102
 136
 383
 189
 159
 154
 168
 173
  82
 359
 187
 312
 167
 365
 419
 122
 215
 115
  71
 673
 247
 174
 126
 189
 199
 268
 181
  66
 218
 101
 333
 176
  92
  70
  79
 360
 174
  91
  65
  78
 490
 196
  89
  90
  60
 270
1689
 262
 345
 354
 158
 435
1242
 258
 241
 128
 196
 190
 183
  95
 187
900188
 219
 189
 101
 264
 180
 158
 169
 230
 314
 178
 186
  74
 360
 287
 207
 236
  68
 222
 357
 220
 221
  66
 265
 260
 185
  69
  99
 204
 233
 174
 217
 169
 117
 192
 142
 114
 140
 209
 186
 138
 231
 144
  89
 153
 156
  75
  68
  80
 319
 116
 184
 101
 148
 288
 169
  94
 223
 167
 171
 203
  87
  72
  93
 165
 171
  69
 102
 214
 149
  69
 154
 114
  71
 156
  72
 149
 241
 263
 405
 173
 148
 128
  70
 115
 292
 377
 176
  76
 261
 196
 179
 153
 207
 198
 179
  82
 159
 282
  75
 110
  98
 116
 301
 283
 279
 504
 132
 254
  96
  85
2877
 180
 169
  93
 208
 207
 603
  95
 192
 185
 183
 782
9418
2543
 155
 237
 240
 195
 234
  67
 177
 150
 161
 163
 204
 185
 148
 187
 238
  74
 203
  73
 175
 338
 303
 189
 159
 232
 259
 150
 173
 179
 219
 235
 101
  69
 270
 248
 417
 375
 200
 163
 213
  86
 151
 203
 240
 207
 210
 181
 226
 216
  91
 223
 186
 253
 176
 306
 177
 197
 428
 179
 107
 195
 157
 188
 153
 151
  68
 214
 156
  97
 182
  71
  73
 262
 195
 628
 267
  91
 157
 192
 240
 126
 137
 181
  67
  76
 193
 212
 178
  71
 311
  95
 269
 256
 168
 233
 174
 208
 199
 108
 127
 225
 181
 239
  82
  79
 248
 417
 156
  99
 190
5220
 165
 169
  84
 174
 107
 242
 119
 188
  86
 161
 152
 123
 275
1078
 199
  67
  85
 153
 287
 137
  70
 132
 324
 214
  93
 194
 166
 262
 103
  89
 241
 215
 214
  99
 124
 106
 172
  67
 198
 327
 298
 197
 181
 230
 197
 335
 201
 223
 213
 182
 224
 278
 215
 213
 199
 157
 168
 188
 340
 143
  86
 169
 363
 313
 185
900225
 146
  86
  73
 256
 160
 244
  84
 246
 220
 206
 155
 167
  94
 180
 198
 102
 218
 109
 223
  76
 286
  93
 117
  99
 149
 179
 159
  72
 250
 170
 109
 180
 284
 163
 229
 161
 137
 191
 187
 142
 188
  98
 341
 273
 181
 186
 207
 253
 161
 195
 218
 119
 149
 183
  97
  70
 184
 107
 219
 279
 234
 156
 134
 329
 225
 199
 251
 145
  94
 149
 207
 258
 431
 197
 104
 205
 165
 247
 149
 185
  74
 206
 171
 198
  64
 155
 201
 208
 385
 205
 590
 122
 378
 190
 322
 149
 260
 376
 205
900264
 178
 252
 172
  77
 155
 198
  96
 270
 472
 209
 141
 142
 219
 189
  66
 157
 166
 288
  92
  68
 102
 101
 217
  69
 146
  94
 196
 225
 197
 145
 188
 176
 114
 192
  77
 295
 250
 149
 408
 191
 217
 319
 170
 144
 156
 330
 132
 211
 179
 284
 311
  76
 311
 175
 186
 159
 194
 276
 166
  92
 191
  89
 229
  87
  88
 271
 109
 215
 195
 202
 103
 128
 290
 114
  74
 263
 181
 423
 259
  85
 120
 177
 213
 200
 195
  78
 247
 170
 146
  67
 206
 224
 216
 130
 242
  95
 204
 270
 289
900484
 191
  69
 104
 215
 200
  77
 177
 137
 210
 112
 195
 270
 359
 219
 159
  82
 239
 337
  81
 161
 191
 146
 223
 342
  67
 604
 115
 150
 204
 127
 192
 184
 349
  91
  87
  97
 154
 220
 106
 258
 292
 250
 241
 267
  76
 201
 157
 342
 170
 202
 333
 254
 188
 172
 140
 114
  95
 252
 172
 409
 339
 308
 198
 170
  92
  97
 150
 221
 174
  86
  70
  89
 109
 161
 207
 184
 156
 360
 311
 151
  91
 152
 227
 213
  97
 268
 178
 273
  71
 173
  75
 200
 328
 202
 101
 191
  86
 216
 102
 108
  95
 185
 269
 311
  99
 186
 246
 210
 208
 258
 201
 104
  98
  69
  67
 200
  68
 236
  75
 237
 150
 103
 408
 145
 205
 138
 251
 195
 376
 256
 187
 178
  91
 156
 100
 229
 152
  95
 187
 247
 178
 176
 160
 122
 166
 194
  75
 221
 113
 120
 443
 174
 209
 137
 167
 180
 117
 167
 225
 364
 129
  74
 170
 159
 122
 179
  65
 288
 255
 102
  86
 203
 308
 219
 265
 353
  93
 405
 150
 344
 105
 175
 270
 203
 162
 122
 151
 300
 353
 155
 178
 193
 218
 263
 206
 158
  70
 271
 167
900189
 149
  70
 264
 152
  83
 268
 274
 275
 154
 149
  93
 174
 158
 252
 209
 130
 212
 229
 145
  66
  71
  78
  92
 138
 267
 212
 101
 237
 131
 254
  99
 187
 193
  83
  99
  97
  91
  75
 291
 185
 161
 197
 220
 166
 198
 100
  68
 127
 287
 135
  88
 161
  70
  98
 247
 273
  93
 101
 161
 199
 295
 149
 217
 215
 196
 211
 149
 186
 202
 154
  70
 631
 240
 330
 200
  96
 189
 322
 108
 152
 246
 212
  83
 133
 243
 123
 253
 154
 167
  94
 119
 246
 138
 170
 101
 108
 189
 461
 175
 126
 173
 196
 133
 209
 254
 269
  88
 225
 175
 239
 232
 119
 201
 325
 100
 424
 218
 420
 138
 442
 195
 145
 162
 246
 261
 258
  79
 324
1484
  94
 119
 150
 172
 200
 130
 306
 134
 106
  81
 175
 195
 255
 155
 172
 243
 126
 256
 199
 139
 107
 110
 125
 285
 230
 105
  98
 449
 118
  86
 197
 307
 285
 219
 297
  69
 177
 126
 115
 233
 165
  98
 290
  79
 203
 191
 213
  82
 170
 107
 240
 285
 155
 121
 210
 184
 206
 195
 123
 183
  84
 182
 225
 199
 243
 195
 261
  89
 141
 110
900193
  79
 102
 212
 352
  69
  88
 164
 414
 114
 179
 350
 188
 409
 128
 192
 160
 177
 202
 269
 271
  67
 248
 290
 112
 216
 190
  80
 232
 169
 248
 193
 173
  68
 163
 273
 143
 316
 288
 418
  66
 203
 149
 210
 215
 118
 173
 119
 279
 111
  88
  67
 189
 454
 169
 257
 110
 108
 204
 172
 161
 148
 200
 244
  90
  95
 257
 196
 304
 233
  67
 181
 258
 158
 229
 335
 120
 151
 127
 184
 257
 295
 113
 332
  87
 135
 205
  69
 136
 276
  80
 160
  99
  98
 209
  94
  71
 147
 107
 153
  93
  79
 250
 176
 324
 199
 288
 194
 126
 170
 159
  97
 152
  73
 201
 296
 230
  68
 399
 288
 146
 213
 180
 105
 198
 172
 132
 168
 170
 392
 243
 113
 113
 206
 111
 118
  86
  73
 247
 267
 310
 227
 246
 217
 151
  98
 251
 199
 253
 114
 207
  66
  77
 162
 182
 305
 170
  98
 221
  96
 132
 159
 116
 157
 257
  86
 117
 247
 208
 233
 221
 164
 174
  87
 101
 137
 219
 205
 236
 195
 231
 193
  74
 159
 104
 205
 182
 189
 234
 107
 106
 317
  91
 189
  71
 193
  86
 152
 237
 152
 156
 189
 101
 118
 214
 224
 131
 133
 260
 201
 205
 202
 125
 109
 181
 171
 154
 120
 130
 397
 497
  92
 207
 363
 181
 118
 169
 174
 358
 213
 136
 162
 233
 226
 298
  93
  76
 182
 254
 123
 142
  94
  69
 105
 150
 204
 131
 295
 421
 260
  63
 287
 200
  67
 202
 253
  90
  86
 231
  96
 203
  72
  64
 388
 358
  97
  73
 154
 100
 181
 179
 253
 179
 290
 193
  97
 203
  92
 226
 230
 187
  74
 208
 145
 167
  94
 192
 175
 376
 177
 117
 128
 181
 254
 204
 279
 284
 171
 278
 193
  97
 136
  73
 116
  84
 125
 201
 246
 104
 207
 176
 246
 208
 225
 129
 211
 233
 203
 214
 127
 180
 185
 188
 132
 331
 225
 151
 151
 254
 177
 169
 169
 189
 171
 177
 305
 272
  68
 145
 169
 120
 167
 131
 211
  84
 189
  95
 227
  74
 168
 345
 192
 206
 247
 368
 262
 131
 127
 107
 188
  77
 145
 298
 220
 360
 102
  83
 206
 286
 301
 211
 209
  92
 402
 223
 271
 141
 110
 336
 208
 175
 173
 106
 263
 105
 115
 258
 184
 177
 220
 232
 201
 173
 634
  92
 255
 143
  70
 158
  78
 158
 196
 130
  94
 194
  76
 165
 100
  81
 190
  78
  88
 144
 124
 140
  93
 172
  63
 116
 177
 151
  89
 143
 331
  77
 241
 184
 116
 265
 192
 138
  67
  96
 171
 174
 307
 255
 271
  89
 212
 331
 154
 141
  91
 310
 209
 101
  98
 317
 196
 231
 205
 144
 207
 267
 157
 145
 152
 265
 177
 186
 302
 182
 151
 171
  71
 227
 151
  95
 204
 225
 207
 189
 221
 203
 183
 203
  70
 143
 302
 196
 143
 117
 146
 187
 201
 115
 195
 354
 244
 168
 199
 121
 305
 186
  91
  96
  74
 283
 181
900191
 204
 195
  91
  90
  71
 327
 203
 283
 289
 224
 219
  74
 207
 257
 206
  72
 142
 215
 170
 129
  85
 259
 257
 224
 212
  94
 183
 229
 193
 194
 174
  86
 228
  97
 193
 227
 191
 126
 310
 155
 222
 208
 100
 334
 153
  69
 148
 390
 213
 117
 150
 216
 213
 187
 260
  77
 256
 230
 155
 149
  68
 122
  80
 270
  77
 165
  90
 251
 222
 163
  84
 244
 158
 194
 253
  69
 205
  73
 274
 197
 233
 142
  85
 191
 153
 200
 193
  95
 120
  76
 209
 178
 272
  76
  65
 149
  93
  89
 201
 157
 192
 100
 352
 114
  92
 112
 245
 210
 351
  68
 108
 212
 181
 158
 206
 355
 154
 289
 193
  89
 292
 176
 443
 203
  66
 235
 272
 261
 175
  76
 211
 195
 209
 109
 254
 181
 155
 235
 360
 222
 199
  73
 100
 106
 367
 135
 287
 411
 189
 119
 148
 187
 236
  94
 360
 161
 157
 227
 177
  81
 154
 177
 246
 187
 198
 216
  95
 173
 221
 115
 314
 216
 248
 234
 201
 416
  81
 136
 363
  75
 157
 362
  94
 124
 151
 134
 188
 111
 259
 215
 239
 150
 237
 244
 226
 181
 216
 460
 184
 185
  75
 148
 270
 211
 162
 111
 257
 248
 314
 170
  90
 156
 127
 207
 271
 217
 209
 203
 203
  72
 298
 203
  65
 299
 256
  71
 181
 427
 163
 194
 191
 202
 303
 192
 329
 144
  73
 203
 186
 141
 184
 291
 153
 103
 225
 208
  97
 429
 204
 228
 149
 194
 106
  88
 117
 108
 192
 155
 161
  97
 133
 211
 277
 177
 144
 176
 154
 222
 218
 156
  91
 223
  82
  88
 151
 143
 172
 189
 200
 303
 227
 158
 166
 199
 159
 239
 247
1003
 450
 507
 134
 155
  72
 121
 221
 180
  85
  74
 103
 179
 214
  80
 211
 195
  82
 165
 171
 273
 119
  84
 245
 210
 168
 183
 114
 160
 193
 191
 127
  66
 126
  75
 174
 276
 106
  73
  87
 292
 341
 262
 129
  86
 226
  71
 103
  89
 205
 223
 191
 154
 167
 140
  77
 113
 159
 106
 137
 340
 173
 306
 163
 193
 275
 299
 163
 166
 288
 324
 165
 110
 289
 212
  78
 127
 167
 170
 153
 201
  88
 259
 190
 211
  65
 200
 101
 244
 175
 157
 153
 249
  70
  94
  75
 284
 137
 165
 293
 298
 164
  72
  90
  84
 148
 286
 102
 151
 102
 448
 170
 140
 211
 153
 207
 113
 123
 171
 185
 115
 133
 165
 186
 193
 233
  86
 102
 143
 182
 276
 284
  86
 209
 221
  99
 178
 154
 173
 203
 163
  70
 318
  93
 179
 191
 186
 210
 148
 252
 412
 172
  97
 139
 170
 287
 193
  64
 414
 145
 227
 141
 161
 181
  80
 198
 246
  91
 255
  89
 310
 211
 174
 208
 157
 176
 194
 207
 152
 557
 162
 108
 223
 255
 220
 247
  96
 185
 164
 215
  83
 202
 118
 206
 183
 322
 284
 206
 159
 148
 202
 155
 149
 155
 218
  92
 222
  93
 314
 154
 311
 176
 144
  64
 169
 340
 140
 152
 185
 392
 239
 345
 249
 185
 154
 190
 293
 240
 169
  88
 293
 100
 167
 136
 133
 655
  99
  72
 306
 295
  83
 423
 431
 155
  95
 486
 469
 180
 172
 233
 409
 295
 301
 177
 273
  84
 236
 226
 189
  89
 880
 103
 186
 164
  97
 222
  84
 259
  97
  89
 137
 417
 205
 131
 243
  81
 241
 312
  99
 213
 370
  92
 200
 148
 159
 128
 183
  84
  77
 192
 293
 538
  93
  90
 102
 278
 240
  84
 152
 205
 288
 319
 161
 266
 171
 251
 190
 209
  66
 107
 123
  81
 137
  74
 196
 169
 250
  85
 181
 153
 257
 165
 327
 140
  96
 299
 250
 167
  74
 118
 111
 240
  65
 205
 130
 132
 361
 360
  88
 188
 220
 160
 126
  76
 187
 305
 183
 158
 197
  69
 172
  92
 153
 188
 246
 201
 207
 199
 178
 166
 224
 290
 296
 134
 264
 244
 109
  92
 154
 192
 258
 103
  98
 257
 155
 296
 202
 182
 201
  99
 249
 136
 150
 172
 146
 218
 246
 308
 149
  89
 180
 161
 204
 156
 152
 267
 137
 261
  99
 230
 168
 311
 101
  72
 231
 721
 102
 180
 271
  73
 165
 343
900219
 230
  71
 228
 115
  70
  68
  99
 192
 171
 161
 305
  71
 319
  73
 146
 175
 143
 216
 123
  77
 195
 117
 114
  66
 114
 168
  93
  87
 135
  74
 183
 188
 427
 127
12243
5394
 197
 235
 103
 188
 161
  73
 201
 155
 201
 216
 149
 115
 149
 258
  72
 208
 235
 325
  80
 270
 434
 303
 188
  75
  66
  80
 109
 230
 212
  76
 198
 187
 127
 159
 144
 270
 254
 154
 194
 198
 290
 207
 247
 196
 197
 177
 150
 273
 140
 149
 295
 275
 201
 218
 166
  69
 183
 179
 188
 105
  91
 232
 161
 104
 189
 100
 117
  80
  89
 156
 135
 284
  99
  96
 152
 224
 109
 324
 499
 186
  82
 264
 125
  91
 211
 169
 152
 144
 398
 109
  73
 139
 201
 148
  77
 121
 132
 104
 170
 261
 606
 475
 122
 142
 268
 192
 221
 160
  86
 192
 159
 168
 115
 416
 165
 239
 253
  93
  90
 184
 154
 172
 136
  73
 177
 169
 168
 368
 193
 211
 168
 388
 109
 174
  68
 218
 145
 215
 282
 296
 198
 115
 255
 364
  83
 167
 218
 180
 168
  96
 175
 422
 122
 186
 138
 189
 197
 185
 281
 122
 242
 251
 213
900386
 197
 242
 174
  83
 204
  66
 205
 330
 255
 320
 162
 142
 153
 210
 125
 153
 151
 269
 453
 196
 106
 157
 183
 170
 122
 205
 204
 318
 379
 175
  92
 120
 598
 304
 162
 197
 185
 352
  94
 294
 132
 237
 186
 282
 283
 333
 954
 586
  88
 118
  69
  94
 110
 117
 217
 152
 158
 262
  89
 144
 138
 373
 243
 225
 180
 141
 210
  76
 183
 138
  73
 175
  78
 152
 384
 196
 173
 167
 202
 217
 172
 139
 155
 289
 177
 154
 217
 167
 407
 201
1874
  74
 373
 210
  94
  91
 158
 102
 191
 133
 179
  70
 137
 167
 182
 110
 165
 202
  74
 273
  99
 186
 465
 334
 233
 236
 320
 465
 536
 119
 214
1182
 694
  54
 956
1156
 130
  95
 223
 372
 112
  97
 119
 173
 178
 220
 205
 349
  67
 175
 209
 217
 258
 180
 184
 140
 200
 161
  94
 160
 220
  89
 168
 232
 146
 111
  95
 199
 258
 172
 212
 243
 490
 193
  79
 199
 100
 157
 258
 180
 137
 164
 293
 148
 120
  87
 166
 290
 214
 149
 152
 199
 150
 169
  89
 206
 219
 149
 118
 195
 101
 102
 245
 155
 217
 146
 242
 130
 188
  89
 186
  67
 678
 188
 388
  91
 125
 259
 183
 181
 113
 130
 237
 116
 202
 129
 201
 366
 274
  95
  97
  78
 146
 148
 188
 214
 252
 102
 152
  65
 205
 226
  94
 227
 151
  70
 261
 170
 173
 148
 128
 225
 225
  91
 181
  78
 167
 256
  98
  73
 193
 180
 229
 241
 269
 239
 227
 234
 256
 176
  64
 157
 293
  93
  68
 114
 141
 297
 170
 173
  81
  72
 178
 194
 170
 187
 183
 259
 102
 253
 186
 241
 354
  72
 166
 168
 177
 182
 125
  67
 203
 188
 175
 247
 146
  92
 200
 101
 169
900196
 224
 167
 218
 158
  59
  88
 171
 201
 174
 113
 138
 239
 217
 283
 239
 169
 174
 355
 240
  95
 121
 192
 187
 189
 262
 227
 252
 287
 200
 162
 195
  98
  81
 225
 300
 557
 162
 195
 275
  79
 226
  86
 388
 296
  66
 190
 187
 316
  83
 118
  65
 697
 268
 283
 191
 873
 196
 238
 127
 175
 182
 177
 170
 154
 157
 145
 175
 455
 133
 233
  89
 198
 413
 186
 317
 152
 215
 178
 201
  84
 318
 231
 204
 213
 192
 151
 176
 160
 179
 326
 124
 210
 131
 271
 144
 195
 259
 241
 106
 108
 171
 171
 228
  93
 152
  97
 252
 201
 174
 154
  96
  95
  77
 344
 223
 183
 370
 264
 249
  84
 203
 125
 191
 165
 205
 207
 152
 459
  78
 188
 183
 203
  74
 119
  97
 164
 115
 102
 150
 166
 190
 145
  94
 167
 260
 241
 111
 306
  95
 233
 235
 151
  86
 173
 159
 156
 206
 109
 201
 237
 100
 118
 156
 158
 136
  85
 199
 140
 235
  95
 215
 298
 257
 183
 104
 162
 180
 152
 199
 120
  89
 195
 220
 167
  81
 169
 223
  85
 206
  70
 209
  72
 227
 188
 130
 206
  65
 281
 161
900220
 159
  88
 259
 224
 194
 162
 302
 441
 270
 144
  93
 146
 170
 208
  69
  91
 102
 116
 173
 140
 171
 157
 204
 114
 152
  65
 245
 296
 256
 255
 137
 195
 207
  78
 138
 188
  94
 120
 220
 165
  72
 180
 168
  86
  95
  95
 179
 212
 299
 231
 192
 136
  86
 186
 155
 159
 203
 464
 136
 178
 198
 173
 151
 179
  67
 185
 151
 102
 260
 137
  84
  66
 134
 174
  69
 137
  69
 259
 216
 132
 120
  95
 274
 152
  65
 221
 184
 362
 198
 210
 190
 198
 218
 147
 112
 164
  66
 180
 276
900231
 185
 184
 255
 187
 110
 218
 175
 118
 320
 175
  99
 145
 228
 187
  93
 179
  89
 145
  68
 191
 207
 182
 107
  82
  63
 201
 135
 175
 266
 244
 230
  87
 240
 337
 205
 147
 233
 121
 173
 189
 159
 189
 357
 172
 195
 140
 202
 318
 186
 156
 203
 121
 300
 122
 133
 157
 145
 167
 211
  77
 265
  84
 153
 129
 199
 139
 153
 492
 180
  98
 220
 100
  75
 182
  79
  99
 159
 200
 224
 299
 169
 140
 670
 178
 155
 193
 279
 406
 122
2582
 345
 381
 204
 181
  78
 751
 398
 175
 832
900302
  78
  86
 293
 146
 242
 302
  79
 211
 279
 254
 152
  98
 539
1008
 134
 233
1093
 676
 324
 893
 128
  92
 227
 504
 834
 250
1823
1041
 274
1338
 274
 185
 335
 450
 286
 892
 151
 509
1442
 190
 342
 115
  82
 754
 413
 207
 674
 463
1289
1245
 283
 140
 292
 234
1692
 657
 839
  86
 274
 203
 392
 259
2679
 232
 782
2306
 292
 291
 488
 885
2664
1698
 170
 431
 468
 605
 995
 338
1213
 904
 153
 210
 226
 874
 321
 637
 839
 653
 592
2072
 444
 133
2500
 452
 679
 368
1194
1631
1179
900356
  84
 218
 255
 106
 259
 119
 137
 359
 519
 516
 282
 146
 598
 377
 604
 128
1589
 968
 560
 285
 255
 132
 292
 590
 428
 403
 639
 456
 282
 231
 336
  85
 608
 291
 132
 298
1232
 280
 239
 343
 421
 196
 309
 363
 649
2039
 137
 793
 250
 236
 565
 250
 156
 546
 236
 463
 324
 639
 313
1032
 273
 617
 886
 387
 125
1164
  96
 843
  65
 125
 380
 232
 205
  91
 175
 189
  92
 328
 397
 115
 186
  80
 101
 234
 140
 239
 200
 248
 170
  68
  79
  80
 193
  74
 118
 187
  95
 437
 189
 177
 125
 219
  73
 149
 171
  78
 129
 362
 228
 175
 290
  67
 184
 210
  69
 194
 187
 117
 162
 160
 229
 223
 207
 145
 201
 270
 176
 530
 183
 193
 198
  91
 310
  89
 338
 195
  97
 498
 116
 160
  70
  93
 117
 138
 208
  89
 139
 155
 135
 183
 318
1335
 903
 591
 311
 281
  85
1198
 736
 217
 110
 219
 228
 200
 180
 179
 220
 313
  68
 231
 257
 177
 311
 304
 211
 556
  95
 585
 140
 641
 208
1169
 354
 493
 473
 186
 121
 364
 353
 222
 259
 186
 139
 379
 454
 329
 120
 196
 187
 100
  71
 150
 231
 443
 236
4448
 109
 261
 127
 105
 163
 140
 332
 366
 392
 193
 218
 203
 183
 294
  82
 287
 512
 245
 245
 170
 104
 180
 238
 302
 200
 263
 131
 203
 257
  63
 196
 374
 551
 194
  71
 186
 354
 187
 223
 172
 107
 261
 224
 220
 210
 180
 260
 158
  93
 226
 213
 317
 242
 153
 194
 157
 101
 194
 196
 159
 198
 352
 182
 270
 182
 252
 249
 162
 147
 178
  92
 291
 182
 178
 133
  88
 204
 156
 202
 182
 153
 347
 187
  88
  92
  94
 227
 295
 227
 103
 187
 326
 195
900324
  99
 154
 536
 197
 175
 304
 187
 152
 156
 172
  72
 193
 332
 161
 165
 201
 102
 361
 400
 140
 319
 120
 235
 808
 588
 590
  86
 155
 106
 137
  71
 279
 223
 418
 119
 235
 175
 276
 195
  95
  84
 141
 428
  89
 187
 150
 201
 149
 136
 397
  70
 160
  72
 194
 222
 264
 127
 222
 349
  69
 123
 607
 954
1047
 520
 173
 290
1439
 298
  82
 332
 100
 391
 329
 386
 544
 753
 465
1184
 248
 574
 422
 229
 766
1317
 145
 607
 187
 397
 214
 222
 191
 288
 419
 306
 252
 224
 915
 554
900251
 304
 199
 450
 574
 324
 662
 205
 502
 646
 934
 302
 162
 446
1007
 184
 165
1070
  89
 468
 208
 168
 184
 233
 178
 217
 236
 184
 417
 194
 174
 193
  86
 166
  95
 165
 142
 263
 271
1965
 317
 249
 179
 262
 332
 267
 267
 242
 177
 169
 213
 197
  72
 261
 188
 179
 179
 168
 246
  67
 155
  76
 203
 130
 266
  80
 161
 310
 101
 176
 369
 147
 149
 148
 220
  90
  73
  92
 181
 247
 298
 172
 159
 312
 155
 212
 224
 190
 337
 257
  73
 198
 187
 176
 199
 287
 224
 273
 248
 151
900227
 184
 204
 227
 190
 151
 274
  77
 440
 252
  67
 173
 207
 404
 386
 375
  87
 171
 122
 302
 191
 166
 186
 411
 293
 237
 152
 214
 255
 196
 129
 277
 162
 262
 373
 119
 204
 144
 191
 489
 121
  71
  70
 253
 143
 182
 276
 302
 298
 199
 288
 106
 173
 144
 301
 211
 234
 160
  84
 246
 210
  82
  99
 487
 212
 132
 250
 297
 184
 300
 115
 120
  80
 236
 246
 152
 178
 153
 133
 199
 234
 199
 201
 276
 412
 215
 233
 170
 412
 146
 259
 156
 146
 288
  88
 229
 209
 139
  81
 113
900187
 187
 296
 159
  75
 205
 167
 199
  95
  87
 341
 204
 185
 163
  93
  94
 264
 287
 232
 255
 187
 233
 151
 386
 116
 131
  96
 115
 260
 121
  76
 248
 164
  72
 196
 163
 170
 100
 275
 232
 143
  64
 130
 147
 275
 212
 147
  96
 388
 247
 157
 158
  91
  95
 235
 136
 186
 152
 110
 185
 177
  87
 398
 105
 185
 200
 203
 245
 513
 150
 254
 150
  74
 107
 290
 160
 332
 148
 291
 345
 179
 128
  93
 110
 130
 229
 142
 174
 205
 101
 361
 140
 191
 256
 141
 137
  94
  62
 121
 167
 112
  99
 301
 294
 143
 118
 327
 255
 146
 182
 216
 195
 170
 295
 245
 102
 132
  75
 284
  68
 364
 101
 241
 605
 179
 190
 179
 161
  96
 211
 220
 150
 199
 143
 494
 187
 114
 125
 553
 104
 198
 212
 183
 991
 445
 896
 252
1013
 553
 381
 405
 171
 167
 148
 158
 182
 130
  72
 402
 589
 410
 228
 162
 283
 209
 245
 324
 179
 913
 279
  84
 310
1536
  88
 294
 172
 194
  81
 254
 821
 100
 107
 209
 263
 470
 164
 215
  82
  89
 937
 248
 240
 163
 207
 112
 301
 410
  94
 233
 179
 169
 108
 211
 233
 114
 227
 206
 191
 492
  70
 262
 174
 171
 204
 121
 317
 210
 225
 420
 273
 228
 395
 291
1517
 586
 261
 295
3498
 130
 241
 675
 271
 184
 680
 119
 209
 215
 226
 289
 517
 160
2139
1389
 114
 927
  81
 103
 763
 469
 125
 167
 113
 204
 108
 188
 287
 374
 407
1510
 448
 202
 187
 202
 342
 336
 314
 112
 181
 429
 206
 237
 111
  80
 285
 293
 287
 117
 240
 449
 980
  80
  75
 150
 220
 262
 203
  67
 169
 192
 163
 178
 177
 195
 156
 292
 298
  69
 189
 119
  84
900223
 181
  77
 223
 179
 149
 211
 143
 204
 214
 160
  95
 194
 574
 164
  69
 196
 122
 350
 120
 179
 325
 142
 193
 204
 292
 148
 306
 206
 215
 150
 223
  69
 273
 195
 156
 142
 176
 264
 110
  79
  63
 224
 225
 240
 249
 115
 116
 260
  68
 129
  70
 210
  99
 195
  89
 149
 179
 558
 280
 190
 261
 125
 221
  93
 179
 183
 153
 109
 202
 191
  87
 205
 230
1059
  69
 162
 300
 193
 186
 361
  93
 338
 144
 227
 190
  62
 176
 187
 176
 417
  92
 229
 221
 133
  77
 200
  92
  93
 138
 179
 185
 142
  72
 197
 208
 200
 223
 340
 250
  70
 220
 211
 240
  99
 198
  68
 146
 226
 194
  71
 182
 208
 199
 268
 271
  85
 204
 259
 176
  92
 210
 290
 195
 222
  74
 225
 299
 231
  77
 105
 200
  68
 119
 122
 131
 118
  95
 174
 156
 157
 175
  65
 254
 174
  88
 205
 120
 292
 151
  89
 190
 193
 223
  69
 212
 143
 276
 159
 202
 101
  99
 223
 116
 426
  88
 297
 659
 209
 364
 243
 186
 282
  92
921703
914840
7966
1085
  87
 179
 124
 168
  95
 195
 540
 128
 146
 201
 293
 156
 148
 211
 320
 197
 194
 146
  92
 198
  80
 132
  92
 135
 252
 197
 119
 150
 145
  64
 280
 111
 120
 111
 185
 247
 204
 142
 150
 131
 249
 338
 207
  82
 213
 156
 279
  64
 194
 165
 173
 206
 171
  89
  99
 289
  78
  67
 192
 170
 390
 132
 222
 212
 131
 135
 150
 183
 260
 143
 280
 148
 327
  91
 200
 194
 159
  96
 194
  62
 401
 344
  81
 250
 253
 184
 270
 146
  77
 179
 229
 165
 137
 166
 312
 228
 196
 227
  69
 121
 361
 160
 237
 161
 181
  83
 312
 260
 154
 170
  89
 215
  91
 263
 185
 145
 122
  71
  88
 130
 320
 187
 176
 295
 130
 114
 306
 284
 349
 210
 173
 194
 113
 261
 148
 213
 111
 130
 178
 251
 158
  79
 191
 145
 171
 185
 162
 157
 141
 200
 298
 184
 208
 182
  99
 117
 159
  98
 101
 104
 116
 112
 149
 119
 178
 266
 178
 177
 162
 202
 386
  89
 169
 196
 118
  89
 147
  95
 152
 327
 198
  74
  84
 147
 151
 356
 466
 173
 160
 293
 220
 126
 243
 247
 194
 204
 223
  73
 101
 192
 493
 154
  73
  72
 122
 166
 196
 154
 211
  76
 102
 112
 126
 291
 167
 172
 165
  73
  72
 200
 143
 142
 226
 284
  94
 397
 173
 169
 177
  94
 381
 192
  66
 251
 199
 183
 294
 101
 149
 174
 257
 142
  76
 158
  91
 214
 151
  67
  91
 202
 191
 209
  96
 152
 175
 264
 202
 208
 244
 120
 448
 208
 191
  98
 165
  72
  75
 278
 116
 112
 236
 148
 174
 197
 240
 354
 142
  86
 158
 166
 304
 212
  95
  71
  79
 283
  67
 177
  65
 161
 292
 326
 189
 202
 162
 229
  68
  71
 171
  66
 270
 137
 165
  86
 192
 136
 100
 108
  65
 344
 313
 169
900229
  67
  69
 231
  96
 101
 172
 173
 141
 228
 224
 145
 171
 202
 162
 198
  66
 185
  81
  77
 160
 137
  71
 132
 205
 214
  67
 308
 174
 174
 200
 209
 149
 117
 106
 180
 249
  92
 364
 189
 154
 214
 252
  82
 147
 176
  86
 115
 247
  84
 155
 373
 204
 103
 292
 181
 183
 215
 355
 186
 154
 220
 139
 511
 131
  99
 192
 195
 221
 185
 195
 145
 161
 236
 208
 179
 150
  80
 121
 292
 181
  89
  94
 134
 201
 183
 172
 166
 181
 195
  71
 186
 145
 304
 168
  93
 121
  75
 262
 364
  97
 181
 252
 181
 266
 201
 138
 154
 125
 252
 182
 186
 204
 306
 111
  67
 318
 185
 243
 140
 127
  81
 176
 285
 119
 206
 191
 262
  68
 240
 182
  71
  62
 107
 156
 194
 140
 171
 316
 198
  63
  89
 143
 304
 250
 271
  98
 100
 265
 204
 195
 292
 146
 214
 183
  93
  85
 143
 289
 314
 148
 170
 204
 130
 225
 108
 201
 196
 218
 152
 163
 183
 155
 260
 185
  97
 118
 236
 245
 349
 353
 184
 210
 293
 349
 270
 380
 141
 326
  87
 252
 139
 113
 119
 194
 671
 142
 190
  84
 123
 174
  65
 372
 179
 143
 194
 171
 112
 334
 156
 168
  97
  69
 285
 213
  99
  77
 155
 278
 145
 321
  91
 168
 201
  87
 148
 158
 215
 190
 196
 153
 209
 243
 254
 205
 184
 178
  95
 267
 259
 322
 150
 208
 304
  72
  75
 142
 143
  90
 170
  74
  86
 290
 111
 112
 167
 189
 427
  94
 162
  68
  88
 182
 160
 159
 186
 202
 176
 127
 234
 193
 207
  63
 203
 238
 164
 241
 156
 229
  91
 164
  85
 189
 288
  80
 138
 298
 109
 225
 220
 221
 108
  86
1445
 133
 123
 172
 805
 273
 239
 140
 258
2034
 301
 198
 443
 369
 739
 649
 107
 265
 189
  69
 213
 250
  80
 157
  93
 291
 492
  86
 260
 118
 486
 118
  69
 140
 224
 115
 130
 106
 151
 123
 105
  75
 158
  93
 122
 181
  90
  87
 192
 180
 213
 275
 117
 110
 120
 210
 222
 166
  77
 205
 303
 212
 161
 167
 214
 208
  82
 142
 247
 176
 436
 243
 466
 356
 254
  87
 481
 277
 278
 325
 340
 201
  93
 123
 158
 171
 242
 106
 184
 306
 439
 224
  73
1392
  96
 265
 240
 223
 231
 168
 261
  94
 260
 206
 170
 245
 373
900222
  89
 184
 108
 276
 203
 149
 194
 112
 695
 184
  73
  79
 207
  76
 158
 161
 180
 394
 300
 195
 201
 246
 217
 225
 168
 139
 189
 323
 241
 196
 183
 263
 232
 150
 153
  69
 118
 201
 118
 291
 259
 111
 431
 169
 330
  89
  81
 258
 407
  75
 165
 208
 108
 242
 231
  59
 142
 177
 284
 123
 184
  91
 105
 195
 140
  80
  73
 547
 172
 242
 212
 196
 158
  90
 129
 192
 246
 116
 256
 182
 250
 257
 105
 240
 166
 147
 152
 263
  98
 233
 241
 127
 202
 187
 206
 221
 149
 319
 224
 115
 161
 121
 108
 227
 107
 200
 172
 125
 272
 242
 121
  82
  96
  87
 124
 142
 112
  71
 187
 190
 155
  68
 290
 311
  97
 604
 182
 102
 223
 258
 259
 203
 124
 195
  81
 148
 169
 380
 155
 329
  74
  65
 340
 150
 147
 142
  99
 130
 207
 208
 233
 128
  85
 191
  68
 234
 149
 238
 119
 164
 200
  96
 407
 155
 154
  73
  69
 221
  95
 141
 246
 212
 397
 199
  66
 216
 148
 109
 130
 202
 177
 264
 537
 226
  65
  72
 288
 187
 119
 241
  92
 193
 162
 192
  77
 175
 185
 272
 178
900211
 235
 249
 241
  98
  85
 243
 189
 307
 105
 175
 167
 159
 269
 191
 146
 148
 200
 229
 171
 105
 183
  93
 400
 351
 182
 107
 540
 257
 171
 229
 343
 181
 316
 218
 110
 120
 154
  83
 211
 176
 168
  95
 224
 226
 159
 172
 145
 203
 130
  94
 223
 192
 221
 258
 204
  94
  92
 225
 123
 310
 148
 270
 122
 196
 210
 244
  74
 107
  72
  97
  88
  73
  80
 210
 114
  74
  97
 184
 201
 306
 163
 238
 170
 166
 224
 266
 120
 273
 263
 205
 102
 161
 105
 189
 169
 306
  99
 173
 122
  72
 493
  95
 108
 510
 118
 102
 195
 250
 170
 192
 386
  92
 182
 311
  93
  81
 186
 366
  86
  82
  77
 246
 290
 105
  79
 203
 164
 416
 216
 166
 152
 177
 172
 218
  62
 194
 147
 439
 535
 202
 101
 160
 193
 395
 145
 217
 248
 118
 200
 196
 170
  68
 348
 204
 164
 113
 154
  83
  77
 339
 149
  76
  84
 129
  88
 182
 155
 435
 110
  89
 154
  96
 308
 211
 159
 143
 238
 224
 176
 190
 163
 184
 113
 302
 207
 178
 316
 113
 189
  71
  96
 193
  87
  73
 101
 123
  72
 394
 218
900221
 260
  96
  94
 190
 183
  67
  69
 281
 204
 216
 190
 222
 139
 168
 162
 193
 193
 314
 272
  79
 208
 203
 325
 228
  99
 192
 290
 433
 134
 207
  85
 176
 110
 108
 229
 151
 204
 243
  72
 122
 143
 114
 180
 104
 135
 256
 142
 230
 204
 205
  73
  69
 200
 329
  90
 167
  72
 205
 159
  89
  94
  71
 268
  92
 185
  95
  68
 256
  93
 268
  95
 165
 167
 178
 155
 174
 160
 288
 167
 161
  73
  87
 290
 158
 157
 261
 212
 214
 145
 105
 221
 202
 103
 195
 257
  72
 210
 252
 349
  89
 166
  74
 147
 110
 201
 219
 214
 157
 199
 100
  84
 162
 182
 254
 305
 194
 171
  71
 136
 145
 152
 222
 262
 188
 194
 137
 252
 408
 346
  73
 160
 156
 307
 189
  96
  82
  85
 155
 128
  99
 159
 201
 238
  94
  76
 143
 182
 214
 219
  91
 143
  71
 126
 195
 148
 200
 270
 169
 218
 208
 149
 157
 225
  77
  91
 208
 312
 191
 100
 267
 164
 302
 163
 193
 208
 155
  68
  99
 398
  94
 161
 213
 192
 263
 223
 117
 154
 116
  96
 222
 215
 202
 255
 239
 267
 168
 155
 452
 174
900214
 189
 301
 358
 287
 347
 155
 201
 522
 385
 179
 237
 142
 283
  98
 252
 147
 133
 267
 274
 149
 259
 138
 212
 239
  72
 178
 207
 345
 275
 175
 130
 378
 194
 207
 278
 185
  71
 239
 286
  74
 195
 142
 216
  72
 242
 181
 228
 189
 132
  99
 123
 201
 229
  75
 246
  67
 166
 334
 108
 260
 168
 114
 118
 119
 172
 220
 147
 110
 301
 250
 196
 243
 108
 197
 192
 208
 173
 198
 140
  77
  93
 196
 222
 122
 201
  75
 550
 489
 144
 174
  74
 198
 146
 162
 194
 192
  69
 440
 187
 162
  66
 119
 200
  69
 119
  63
 613
 270
 201
 147
 205
 128
 143
 166
 225
 220
  90
  81
 221
 110
 130
 145
 303
  65
 319
 215
 161
 351
 177
 209
 223
  80
 194
 227
 182
 225
 277
 156
 226
 253
 184
  63
 168
 150
 124
  97
 108
 111
 216
 128
  89
  87
 171
 176
  81
 150
 165
 148
 173
 196
 182
 243
 261
 207
 193
 113
  74
 309
 186
 219
 100
 206
 113
 130
 186
 121
 262
 222
  72
 197
 127
 216
 262
 135
 183
 115
  72
 273
  89
 175
 195
 161
 131
 136
 286
 123
 223
 144
  66
 169
 107
 136
  89
 172
  64
 181
  74
 226
 217
 147
 262
 237
 208
 173
 179
 257
 210
 271
 198
 157
 286
 291
 239
 221
 216
  80
 229
 290
 159
 331
 169
  78
 143
  76
 152
 198
 156
  92
 166
 153
 188
  92
 223
 179
 156
 208
  72
 102
  80
 166
  95
 124
 226
  95
 171
 149
 193
  83
  74
 173
 165
 197
 194
 217
 146
 107
 131
 255
 185
  97
  72
 312
 109
 274
 107
  76
 136
 142
 138
 251
 235
 180
 174
  80
 213
 171
 248
 315
 211
 243
 191
  87
 259
 335
 155
  82
  82
 108
 127
 112
 248
 202
 132
 203
  67
 177
  68
 263
  84
 169
 201
  75
 103
 211
 162
 196
 175
  94
 189
 249
 182
 121
 322
  82
 254
 151
 248
 376
 256
 180
 178
  97
 174
 185
 203
 100
 326
 279
 229
 200
  95
 156
 186
 155
 210
  98
 100
 257
 126
 157
 181
 142
 108
 245
 162
 217
 237
 221
 261
  99
 255
  97
 189
 292
 198
 152
  95
 286
 200
 188
 158
 266
 319
 279
 182
 148
 183
 202
 148
 205
  80
 155
 190
  77
 177
 154
 157
 134
  98
  78
 194
  73
 252
 248
 164
 158
 117
 223
 208
900248
 164
 252
 303
 207
 200
 111
 185
 583
  80
 173
 206
  63
 155
  78
 432
  94
 191
 210
 199
 199
 144
  87
 187
  93
  71
 166
  84
 196
  80
  70
 189
 120
  76
 179
 189
 190
 184
 203
 112
  87
 195
  99
 313
 132
  97
  88
 187
 396
 231
 174
 193
 151
 191
 118
  77
  98
 198
  83
 265
  71
 175
 195
 176
  97
  88
 177
 191
 154
  80
 252
 204
 195
  93
 202
 232
 166
 101
 182
  80
 164
 172
 256
 219
 145
 109
  79
  93
 304
 198
 128
  88
 125
 211
 157
 251
 180
 189
  88
  66
900272
 114
 299
  89
 165
  98
  97
  81
 289
  76
 179
 239
 341
 230
  70
 198
 168
 151
 145
 149
 139
 213
  70
 119
 167
 318
 214
  77
 337
 335
 229
  69
 148
  84
  80
  86
 251
 124
 160
 222
 303
 185
 215
 387
 121
  90
 363
 101
 414
 145
 158
 273
1216
 169
 743
 593
 115
 172
 124
 156
 203
1514
 786
 326
 440
 117
 140
 391
 221
 108
 192
  69
 118
1313
 310
 213
  95
  75
 216
 195
 244
  92
 187
  92
 220
 163
 157
 271
 204
  84
  73
  84
 246
 301
 249
 175
  76
 180
 451
 359
  72
 107
 205
 171
 180
 210
 201
 805
 238
 303
 214
  71
 128
 292
 237
 107
 163
 328
 244
 102
  78
 177
 182
 234
 178
 155
 222
  92
  93
 157
 173
 501
 173
 172
  68
 166
 204
  65
 268
  78
 210
 249
 102
 229
 179
 136
  68
 211
 199
 221
 105
  81
 272
  90
 167
 189
 368
 615
 304
 233
 396
 311
 224
 190
 357
 157
 161
  94
 221
 531
 424
 110
  95
 319
 271
 197
 155
 175
 379
 252
 287
 154
  92
 339
 107
 280
 166
 249
 733
 532
 252
 196
  87
 200
 593
 372
 123
 151
 270
 407
 166
 231
 174
 108
 157
 121
  76
 173
 359
 348
 220
 103
  67
 233
 132
 172
 139
 148
 307
 220
 194
 209
 197
 217
 208
 204
 154
 174
 242
 156
 124
 150
 203
 217
 225
  79
 187
 197
 124
  89
 104
 149
 178
 155
 268
 192
 184
 303
 394
 116
  98
  91
 183
 246
 186
 176
 173
  87
 170
 145
  84
 101
 194
 194
 154
  95
 102
 543
 386
 196
  89
 864
 236
  76
  73
 252
 129
 199
 167
 183
 231
  73
 101
  97
 184
 203
 138
 191
 216
 229
 196
 165
 170
  80
  72
 189
 311
 176
 448
 215
900236
 158
 126
 347
  71
 100
 125
 194
 238
 192
  88
 290
 126
 257
 100
  70
 143
 201
 178
 244
 143
 181
 258
 426
 216
  74
 250
 193
 248
 295
 340
 357
 102
 179
 265
 238
 140
 144
 328
 199
 186
 145
 153
 118
  92
 237
 151
 368
 633
 264
  79
 188
 127
 227
 265
 196
  88
 584
 201
 201
 191
  70
 239
 225
 154
 107
 116
 184
 566
1040
  89
 174
 266
 927
 662
 303
 563
 187
  96
 432
 305
 185
  90
 387
  91
 188
 110
 196
 241
 286
 252
  94
 248
 205
 163
 310
  83
  90
 230
  73
900312
  76
 170
  77
 250
  96
  79
  80
 222
 181
 111
 139
  71
  76
 246
 159
 185
 245
 145
  74
 216
  73
 914
 295
 216
  98
  94
 161
 415
 152
 100
  71
  82
 279
 369
 242
 154
 119
 161
 135
  89
 151
 212
 134
 251
 184
 205
 610
 175
 244
 270
 336
 170
 138
 250
 105
 176
 195
 377
 175
  66
  68
 442
 101
 463
 224
 106
 249
 625
 149
 289
 234
 191
 340
 244
 119
  96
 191
 145
 113
 222
 150
 180
 148
 100
  73
 292
 250
 344
 215
  81
 149
 190
 384
 220
  70
 109
 121
 199
  78
 138
 234
  93
 363
 155
 124
 177
 273
 241
 218
 235
 197
  96
 286
  92
 151
 248
 146
 432
 190
 205
 111
 297
 311
 266
  91
 202
 190
 169
 226
 336
 201
 215
 219
 230
 336
 481
 506
 195
 917
 283
 267
 223
 181
 262
 218
 368
 300
 535
  82
  97
 191
 185
 493
 193
 178
 115
 333
  74
 196
 199
  96
  63
 103
  72
 146
 113
  67
 241
 208
 220
 202
  72
 254
 322
 154
 332
 204
  77
 125
  74
 219
 174
 134
  75
 177
 127
  71
 377
 103
  95
 223
 136
 129
 191
 152
  98
  76
 636
 302
900204
 262
  77
 151
 134
 173
 262
 460
 219
 114
  94
 154
 227
 168
 185
 275
 117
  71
 274
 209
 122
 218
 165
 193
 280
 237
  68
 155
 426
 114
 249
 156
 148
 110
  97
  92
 116
 152
 289
 231
 219
 353
 181
 205
 160
 187
 216
  70
 182
  94
 125
 228
 229
 425
 151
 101
 370
  80
 299
 180
 171
 120
  94
 197
 104
  91
 155
 186
 165
 189
  68
 159
 151
 297
 200
 133
 173
  96
 313
 266
  94
 226
 106
 125
 121
 192
 225
  87
 244
 304
 227
  98
 143
 313
 177
  75
 199
 149
 304
 150
 158
 197
 226
 253
 120
 156
 148
 159
 144
  85
  90
 159
  97
  90
 177
  73
 148
 164
 368
  90
  86
  69
  93
 356
  70
 198
 124
 163
 280
 208
 244
 172
 270
 108
  91
 255
 186
 179
  98
 161
 148
 167
 146
 183
 192
  95
 186
 125
 134
 378
 117
 237
 196
 197
 154
 176
  90
 233
 293
 154
 200
  68
 185
 148
 111
 182
  66
 181
 204
 178
 162
 202
  89
 177
 195
 145
 151
 206
 170
 134
 185
 190
 269
  69
 154
 242
 193
  65
 206
 173
 205
  89
 128
 260
 224
 193
 189
 310
 214
 113
 123
  66
 211
 287
 189
 230
 224
 252
 210
 117
 318
 210
  71
 110
 267
 217
  88
 165
 304
 195
 207
 146
 213
 288
 207
 101
  96
  68
 313
 169
 160
  75
 188
 102
 152
 227
  95
 147
 417
 139
 116
 162
  95
 217
 162
 328
 285
 244
 218
 152
 214
  89
 189
 255
 121
  65
 132
 114
 286
  77
 155
 151
 179
  94
 147
  72
 218
 230
 132
 170
 155
  73
 238
 212
 297
 200
 426
 209
 223
 193
 203
 212
 173
 359
 160
 163
 117
 140
 243
 204
  93
 181
 192
 320
 202
 192
 236
 155
 251
 323
  92
 144
 234
 270
 108
 175
 197
 146
 232
 142
 191
 161
 356
 166
 221
 197
 218
 150
 306
 154
 204
  97
 204
 202
  77
 106
  99
 235
 277
 377
 162
  84
 358
 394
 187
 168
 422
 280
 204
 205
  93
  74
 138
 676
 300
 457
 201
 248
 214
 170
 213
 102
 171
 341
 217
 220
 176
  98
 360
 188
 231
 216
 317
 283
 102
 109
 193
 228
 311
 234
 228
 468
 216
 130
 170
 219
 160
 134
 198
 567
  74
 208
 151
 105
 280
 123
  93
 122
 238
 317
  90
  92
  73
 249
  79
 145
 278
  78
 106
 370
 167
  74
  89
 411
1192
 226
 173
  74
 614
 212
 252
 179
 153
 212
 230
 299
 373
 172
 514
 254
 230
 190
 205
 315
 427
 425
 146
 141
 249
 184
  90
  71
  92
 288
 174
 199
 180
 236
 302
 205
 186
 295
 181
 323
  67
 387
 211
 161
 425
 172
 247
  74
  67
 228
 360
 111
 270
  64
 316
 197
 151
 161
 149
 102
 196
 160
 220
 117
 265
 248
 148
 200
 178
 295
 440
 139
 149
 236
 182
 256
 323
 147
 222
 280
 139
 221
 195
 220
 358
 202
 194
 148
  68
 159
 253
 229
  91
  71
 159
 208
 185
  72
 178
  76
 325
  96
  84
 147
 278
 266
 157
  73
 113
 219
  96
 192
 196
 198
 185
 116
 183
 251
 151
 188
 137
 157
 256
 114
 413
 175
 108
  73
  69
 296
  91
  96
 196
 296
 111
 202
  93
 109
 176
  87
  95
 150
 323
 167
 281
 267
  90
 151
 182
 181
 143
 259
 130
 249
  94
 189
 200
 130
 153
 208
 161
 169
 263
 134
 252
 170
 150
 176
 156
 278
 126
  96
 169
 203
 420
  73
 230
 279
 263
 109
 151
 110
 195
 196
 414
  93
 176
 227
 181
 172
 128
 201
  69
 121
  76
 209
  90
 158
 235
 233
 137
  79
 282
  69
 140
 342
 135
  85
 201
 158
  98
 189
 152
  92
 290
 261
 160
 352
 185
 362
 120
  92
 223
 106
 181
 187
 287
 184
 241
 544
  83
 183
  77
 207
 338
 273
 217
 184
 174
 275
 159
 183
 182
 338
 139
  97
 293
  75
 113
 310
 173
 118
  88
 527
 175
 175
 188
 149
 182
 219
 212
 186
 141
 292
 268
  75
 134
 171
 429
1097
 258
 886
 202
 521
1163
 103
 166
1670
1719
1035
 127
1600
 148
 175
 181
 172
 195
 121
 117
 235
  94
  63
 178
 218
 293
 205
  81
 131
  94
 328
 149
 199
 287
 221
 212
 170
 178
 201
 231
  69
 129
 207
 199
 207
 401
 197
 195
 184
 198
 146
 225
 157
 175
 222
 220
 230
 183
  67
  91
 193
 114
  84
 176
 189
  89
 107
 302
 233
 108
 118
 315
 209
 158
 223
 217
 958
1328
 201
 317
1028
 495
 625
 547
 241
 454
 318
 129
 161
 116
 149
 106
 118
 207
 164
 583
 143
 195
  97
 242
 386
 288
 365
  95
 198
 384
8445
1508
 995
 125
 191
 149
 177
 150
  97
  85
  76
 400
 115
 230
 128
 164
 181
 150
 189
 432
 191
  91
  81
  69
 108
  99
 209
 186
  66
 259
 152
 151
 176
  74
 101
 143
 174
 204
 179
 189
 252
 188
  75
  72
 101
 305
 551
 168
 175
 383
 237
 211
  69
  70
 101
 164
 119
 171
 171
 120
 371
  96
 162
 182
  76
  88
  77
 179
 155
 380
 111
 178
 178
 151
  80
 203
 175
 167
  95
 175
 258
  72
 317
 204
 108
 234
 275
 144
 208
 146
 301
 287
  74
 153
 282
 100
 191
  98
 157
 251
 181
  72
 120
 107
 234
  75
 191
  69
  88
 207
 351
 172
  79
 120
 147
  97
 419
 203
  72
 270
 133
 183
 206
 284
 160
 184
 176
 168
  87
 101
 205
 193
 183
 161
 227
  93
  90
  92
  90
 201
  85
 111
  88
 238
 240
 208
  96
 199
 140
 188
 203
 210
 194
 200
  92
  92
  78
  70
  95
 229
 187
 135
 183
 205
 176
 194
 141
 193
  68
 199
 197
 181
  77
  82
 202
 198
 212
  81
 136
 123
  76
 269
 238
 202
 193
 235
 245
 217
 189
 285
 183
 195
 146
 195
 233
 172
 179
 105
 263
 184
 176
 192
 189
 151
 144
 157
  99
  68
 317
 335
 272
 207
 194
 115
  79
 129
 178
  73
 114
 193
  71
 174
  97
 124
 126
  68
 195
  65
  96
 227
 160
 315
 517
  94
 183
 234
 150
  95
 265
 260
 212
 160
 181
  98
 235
 199
  68
 200
 172
 457
 174
 238
 295
 729
 578
 190
 243
 180
  82
 225
 138
 105
 156
 186
 262
 129
 186
  94
  92
 170
 133
  83
 243
  98
 204
 126
 193
 168
 193
  70
 210
 106
 172
  69
 192
 198
 169
 205
 313
  94
 151
  72
 111
 309
 181
 194
 177
 174
 243
 308
 169
 239
 232
 441
 191
 187
 126
  71
  64
 220
 142
  61
 213
 220
 203
 116
  78
 333
  71
 201
 250
900246
 163
 193
  86
 133
  85
  94
 286
 246
  95
  65
  90
  93
 153
 174
  92
  73
  83
 184
 166
  69
 178
 173
 273
 189
 119
  69
  81
 269
 171
 168
 276
  81
 163
 188
 192
  70
 164
 353
 295
  95
 118
 185
 226
 154
 327
 299
  74
 178
 131
 270
 296
 299
 222
 247
 142
 127
 130
 220
 124
  80
  71
 204
  83
 276
 207
 223
 450
 184
  99
 574
 191
 186
  81
 121
 189
 251
 154
 176
 311
  98
 102
 146
 153
 132
 145
 152
 171
 194
  95
 232
 108
 152
 174
1373
 323
 264
 199
1267
 213
 145
 495
  71
 348
 164
  79
 150
  97
 227
 223
 192
  79
 287
 181
 159
 349
 223
 220
 216
 162
 102
 212
 148
 178
  73
 239
 330
 172
 413
 268
 164
  81
 362
 184
 199
 224
  76
 201
  86
 327
 185
 194
 974
 204
 160
 147
  69
  94
 106
 103
 165
 228
  98
 157
 175
 145
 190
 265
 343
 282
 100
 184
  95
 294
 129
 106
 206
 152
 263
 185
 310
 187
 340
 109
 208
 616
 151
 112
 214
 100
 174
 320
  98
 425
 288
 150
 247
 195
 305
  96
  71
 133
  86
 233
  82
 176
 118
 374
 256
 308
 145
 141
 271
 271
 247
 146
 217
 211
 248
 213
 230
 176
 192
 204
  68
  73
 199
 198
  93
  83
 267
 184
 197
 464
 205
 197
 152
 135
 227
 301
 196
  95
  98
 102
 201
 284
 346
 176
 258
 199
 195
 106
 164
 211
 431
 154
 233
 110
 216
 210
 315
 204
 369
 128
 236
 225
 104
 139
 224
 137
 164
 106
 180
 225
 168
 200
 184
 253
  94
 374
 237
 450
 228
  98
 190
 216
 158
 187
 207
 240
 319
 207
 201
 179
 147
 122
  76
 153
  97
 232
 191
  94
 217
 209
 177
 159
 131
  82
 562
 187
 174
 171
 220
 171
  69
 161
  74
 179
 117
 348
  73
 139
 122
 250
 203
  68
  64
 150
 242
 115
 167
 187
  99
 424
 105
 206
 151
  66
 243
  76
 155
 112
 140
 443
 187
 196
 147
 159
 262
 107
  79
  71
  70
 424
 168
 231
 258
 194
 347
 287
 199
 319
 251
 217
 168
 141
 340
 184
 303
  84
 298
  91
 321
 106
 126
 165
 190
 254
 253
  91
 150
 195
 214
 199
 118
 138
 778
  66
 220
 105
 160
 292
 183
  89
 290
 101
 110
 124
 210
 194
 266
 154
 262
 353
 169
 112
 186
 323
 292
  80
 162
 217
 838
 289
 164
  93
 120
 167
 278
 256
 150
 180
 786
 781
 282
 283
 146
 110
 381
  82
 180
 249
 176
 108
 204
 113
 183
 299
 159
 250
 291
 142
 193
 224
 215
 154
 197
  88
 307
 236
 366
 218
 143
  78
 161
  99
 159
 175
 640
 197
 238
 283
  74
  65
 288
 257
 387
 205
 260
 282
 164
  82
  81
  80
  94
  71
  68
 275
 390
 201
 264
 178
 209
 583
 112
  87
 241
 148
  75
 179
 236
 203
 196
 213
 203
  86
 150
 294
 510
 254
 185
 209
 199
 809
  81
  95
 189
 158
 275
 276
900257
  81
 298
 229
  68
 171
 173
  93
 436
 264
 178
 121
 173
 291
  99
  75
 169
 781
 183
  92
  83
 187
 173
 676
 139
 264
 288
 239
 264
 182
 190
 155
  68
 334
  82
 515
 238
 172
 173
 102
 153
 508
 176
  87
 192
 203
 160
 208
 289
 216
 253
 164
 165
 125
 214
 292
 166
  92
 170
 259
 137
 139
 697
 230
 702
2583
 173
 231
 278
 832
1574
 641
  88
1141
  98
 253
 295
 100
 151
 234
 435
 845
 137
 345
 199
 136
2240
 173
 157
 616
 331
 450
 105
 958
 311
 459
 102
1600
 866
 253
900518
 275
 121
 259
 175
 435
  70
 253
 720
 113
 213
 166
 186
 518
 146
 193
 203
 151
 161
  81
 176
  86
 231
  95
  76
 155
 193
 281
 315
 156
 222
 199
  71
 259
 130
  81
 200
  77
  95
 190
 167
 200
  87
 190
  93
 181
 131
 202
 253
 162
 136
 149
 182
 173
  67
 210
  93
 245
 277
 134
 111
 155
 160
 152
  61
 163
 162
  74
 195
  91
  70
  94
  72
 151
 103
 192
 124
  97
 271
 227
 168
 186
  61
  93
 172
 208
 167
  95
 132
  84
  99
 205
 184
 179
 178
  95
  93
 149
 264
 246
 177
 150
  93
 272
 135
 146
  69
 136
 297
 300
 151
 144
 197
 210
 254
 157
 148
  75
 224
 123
 175
 144
 215
 165
  86
 274
  69
  65
 220
  93
  91
  68
  93
  96
 155
 144
 232
 152
 131
  73
  70
 197
  70
 108
  76
 286
  69
 511
 110
 155
 149
 112
 134
 208
  72
 152
  86
  92
  70
  91
 185
 147
  93
 256
 143
 145
 141
  72
 212
  80
  95
  65
 234
 182
  95
 150
  92
 172
 299
 156
 182
  59
 193
 112
 118
 157
 176
 169
 322
 191
 105
 195
  90
  77
  93
 263
 202
 197
 107
 167
 169
  66
  97
 200
 240
 192
 113
 163
  85
 318
 254
 122
  65
  79
 181
 250
 176
  93
 199
 345
 213
  72
 137
 263
 186
 175
  93
 347
 245
 124
 154
 219
 226
 211
 145
 179
 186
 149
 173
 257
  81
 188
 103
 135
 146
 194
  76
 147
 179
 257
 196
  66
  71
 201
 188
  92
  68
 154
 345
 230
 114
 195
 156
 202
 113
  93
 105
 206
 172
 106
 368
  90
 183
 228
 192
 155
 125
  71
 298
 178
  96
 185
 352
  78
 281
 259
  72
 160
 158
 167
  66
  74
  95
 188
 203
  92
 110
  97
 231
 217
900200
 133
 184
 182
 152
 158
 402
 140
 298
 141
  87
 102
 205
 130
 223
  79
 201
  97
 245
 438
  99
 179
 520
 165
 178
 308
 192
  81
 277
 136
 123
  93
 173
  69
 157
 225
  89
 117
 215
 164
 230
 162
  94
 142
 273
 325
 225
 197
  74
 198
  68
 193
 394
  75
 175
  89
 276
 153
 254
 192
 104
 166
 170
 250
  98
  88
 194
  99
  76
 116
 130
 279
 180
 106
 297
  86
 262
 193
 194
 145
 198
 342
 177
 108
 153
 177
1020
 185
 275
 358
 159
 148
 168
 207
 233
 143
 272
 174
 327
 278
900255
 146
  90
 118
 180
  70
 155
 153
 412
 238
  89
 367
 167
 163
 155
 390
 190
 151
 113
  66
 177
 197
 137
 118
 150
 207
 169
  99
 316
 302
 294
 289
 193
 199
 191
  84
 361
  73
 250
 271
 153
1871
 424
 418
 116
 242
  78
 174
 367
 204
  69
 186
 296
 125
 266
 195
 218
 254
 336
 161
 286
  73
 259
 241
 152
  73
 164
  71
 300
 435
 111
 261
 352
 102
  99
  85
 168
 209
 162
 193
 223
 259
 264
  71
 170
 263
  80
 179
 300
 131
 566
 469
 319
 271
 235
 502
 563
 296
 848
 880
 166
 159
  95
 104
 124
 236
  97
 105
 929
 168
 238
 326
 289
 233
 214
 558
 235
 235
 644
 323
 169
 129
 127
 332
 225
  93
 230
 203
 264
 241
 173
 116
  90
 146
 163
 150
 188
 235
 177
 203
 107
 213
 148
 320
  82
 172
 115
 165
 136
 147
 184
 166
 151
 173
  79
 186
 201
 190
 225
 139
  99
 221
 145
 472
 164
 190
  96
  92
 336
 128
  90
 150
  99
 178
 131
 329
 175
 165
 213
 123
 160
 140
 320
 206
 120
  95
 213
 106
 300
 167
 218
 217
 154
 204
 312
 282
 146
 466
 134
 117
900339
 315
 286
 446
 249
 109
 126
 203
 312
 151
 214
 203
 210
 136
 324
 284
 107
 232
 248
 116
 112
 154
  96
 240
 149
 122
 114
 130
 361
 128
  79
  91
 205
 216
 100
 248
 330
 195
 296
 189
 143
 204
  96
  71
 158
 201
 182
  73
 193
 308
 214
 126
  65
 213
 185
  98
 147
  93
  75
 146
  92
 199
 185
 206
 312
 173
 140
 169
 209
 199
 190
  92
 117
  85
 151
 172
 127
 122
 112
 183
 171
 196
 184
  75
 916
 263
 401
 322
 299
 327
 198
 155
 289
  99
 325
 792
  91
 228
 206
 159
900198
 159
 116
 189
 420
 115
 235
 185
 238
 142
 308
 212
 305
 349
 107
1104
 219
 233
 187
 179
 357
 710
 897
 558
 304
 188
 168
 246
 302
 104
 208
  71
  77
 647
 178
 368
 216
 181
 473
 183
 283
  73
 243
 257
 113
 178
  68
 168
 285
 281
 221
 206
 148
 189
  84
 274
 284
  69
  90
 221
  77
  75
 428
 269
  99
 296
 371
  86
 285
 109
 242
1064
 245
 511
 268
 242
 280
 102
 302
 129
  70
  84
 343
 499
 224
  87
 434
 214
 826
 403
  79
 339
  84
 388
 234
 466
 133
 199
 220
 116
900279
 507
 267
 190
 226
 212
 247
  81
 235
 294
  74
 167
 152
 185
 132
 160
 128
 212
 107
 332
  71
 175
 273
 385
  63
 178
 206
  97
 215
 377
 187
 455
 155
 272
 171
 299
 191
 159
 330
 189
 104
 298
 191
 223
 113
 194
 181
 163
 394
 248
 138
 214
 132
 103
 113
 189
 151
 177
 291
 408
 177
  76
 179
 303
