1195
 807
 333
 307
 307
 249
 358
 289
 265
 334
 263
 246
 180
 219
 329
 342
 275
 282
 297
 215
1124
 273
 279
 232
 242
 195
 246
2008
 284
 270
 236
 929
 307
 200
 264
 251
 477
 278
 405
 413
 263
 232
 231
 907
 310
 560
 254
 912
 242
 276
 299
 168
 284
 204
 155
 353
 333
 213
 205
 222
 213
 610
 257
 241
 202
 152
 224
 261
 258
 217
 284
 148
 294
 216
 238
 139
 176
 175
 193
 205
 188
 241
 250
 192
 289
 247
 141
 199
 264
 300
 204
 188
 196
 182
 201
 426
 118
 148
 297
 201
 253
 236
 227
 180
 161
 203
 209
 134
 193
 198
 186
 184
 365
 258
 209
 181
 244
 111
 185
 275
 248
 193
 198
 448
 204
 246
 213
 185
 241
 180
 254
 246
 276
 187
 184
 181
 605
 253
 256
 249
 337
 246
 187
 271
 171
 248
 242
 372
 176
 314
 120
 297
 178
 195
 216
 203
 208
 204
 140
 193
 225
 212
 232
 227
 238
 182
 238
 225
 332
 177
 240
 329
 275
 271
 287
 297
 287
 278
 241
 360
 349
 311
 271
 238
 238
 121
 193
 183
 185
 331
 327
 199
 208
 179
 195
 201
 281
 260
 250
 187
 187
 185
 187
 115
 123
 203
 188
 233
 196
 186
 211
 192
 211
 181
 243
 232
 181
 176
 186
 249
 228
 183
 185
 185
 177
 187
 220
 259
 238
 180
 188
 313
 258
 215
 243
 274
 245
 231
 384
 177
 194
 184
 229
 232
 185
 189
 232
 228
 189
 189
 195
 171
 250
 186
 174
 234
 244
 237
 184
 389
 256
 193
 226
 300
 258
 182
 335
 179
 229
  93
 192
 237
 101
 307
 264
 126
 211
 126
 278
 181
 273
 189
 195
 179
 188
 167
 180
 113
 178
 262
 177
 752
 249
 191
 312
 162
 113
 406
 308
 263
 179
 203
 220
 199
 192
 184
 196
 113
 195
 128
 107
 189
 231
 194
  96
 121
 173
 223
 242
 244
 210
 235
 324
 236
 242
 108
 200
 171
 183
 298
 208
 208
 191
 204
 267
 242
 254
 181
 179
 119
 194
 202
 105
 332
 225
 193
 674
 352
 219
 277
 240
 259
 187
 191
 439
 191
 194
 275
 194
 189
 266
 243
 199
 210
 134
 198
 174
 186
 123
 166
 109
 241
 182
 253
 170
 176
 121
 106
 236
 243
 230
 165
 189
 243
 175
 113
 226
 169
 179
 255
 216
 214
 220
 182
 193
 177
 265
 184
 195
 471
 119
 192
 184
 173
 176
 189
 249
 103
 232
 224
 349
 184
 217
 159
 182
 177
 110
 243
 238
 109
 265
 170
 112
 106
 243
 240
 239
 776
 250
 215
 140
 189
 191
 198
 272
 234
 280
 177
 200
 181
 180
 255
 214
 202
 188
 242
 114
 226
 234
 169
 176
 129
 117
 192
 239
 193
 249
 119
 266
 274
 275
 310
 267
 231
 248
 761
 224
 150
 199
 175
 186
 231
 202
 229
 178
 176
 175
 230
 194
 170
 234
 187
 213
 324
 155
 246
 177
 161
 235
 174
 302
 199
 174
 190
 224
 694
 312
 318
 271
 108
 176
 179
 185
 178
 263
 236
 174
 237
 184
 185
 239
 507
 335
 146
 192
 223
 175
 718
 194
 224
 238
 180
 186
 188
 191
 228
 192
 224
 386
 273
 218
 144
 768
 198
 296
 302
 297
 293
 240
 311
 193
 233
 185
 229
 232
 233
 301
 243
 237
 375
 184
 231
 240
 172
 196
 174
 173
 232
 390
 305
 237
 128
 214
 234
 209
 235
 100
 253
 187
 180
 180
 211
 233
 198
 185
 169
 179
 179
 224
 177
 359
 183
 214
 176
 101
 245
 195
 233
 194
 100
 219
 240
 175
 176
 174
 178
 186
 197
 180
 239
 198
 191
 239
 241
 189
 187
 218
 200
 240
 317
 236
 135
 182
 239
 203
 197
 620
 268
 194
 171
 235
 233
 253
 305
 184
 112
 110
 163
 174
 192
 229
 167
 203
 111
 174
 239
 189
 244
 377
 241
 160
 244
 241
 167
 160
 232
 237
 174
 391
 179
 248
 296
 298
 257
 246
 239
 128
 167
 708
 228
 125
 192
 183
 182
 753
 422
 314
 201
 286
 300
 200
 152
 190
 249
 107
 188
 223
 183
 183
 303
 200
 229
 104
 228
 102
 247
 311
 182
 238
  97
 243
 204
 237
 352
 108
 181
 192
 175
 251
 367
 207
 170
 148
 234
 239
 111
 182
 405
 201
 162
 183
  99
 227
 212
 266
 244
 232
 169
 244
 178
 114
 162
 170
 159
 179
  90
 125
 146
 413
 161
  99
 253
 267
 222
 182
 176
 106
 192
 515
 256
 190
 113
 347
 252
 228
 192
 161
 165
 151
 173
  94
  96
 180
  92
 102
 183
 188
 150
 168
 148
 151
 173
  97
  98
 158
 213
 171
 746
 175
 100
 183
 244
 187
 192
 232
 403
 192
 172
 247
 170
 198
 250
 187
 184
 233
 185
 173
 168
 239
 174
 182
 331
 176
 196
 337
 240
 668
 343
 345
 290
 199
 261
 279
 293
 298
 196
 310
 280
 190
  98
 207
 236
 192
 167
 249
 138
 211
 167
 181
 310
 176
 174
  93
 101
 761
 280
 277
 164
 257
 312
 260
 264
 256
 437
 268
 195
 414
 287
 196
 236
 259
 181
 164
  96
 208
 170
 178
  93
 235
 190
 349
  91
 152
 235
 238
 103
  86
 197
 176
 166
 182
 317
 174
 171
 168
 158
 235
 175
 395
 272
 223
 185
 213
 221
 227
 297
 195
 174
  95
 165
 218
 391
 308
 190
 295
 290
 194
 286
 254
 175
 173
 206
 208
 237
 159
 203
 302
 197
 641
 261
 174
 165
 221
1150
 168
 125
 117
 189
 158
 160
 153
 146
 217
 185
 236
 184
 168
 243
 104
 166
 164
 175
 354
 138
 188
 220
 165
 195
 177
 180
 240
 241
 231
 199
 383
 329
 342
 309
 457
 331
 288
 199
 352
 144
 163
 306
 240
 255
  99
 161
 163
 223
 261
 145
 186
 525
 270
 164
 123
 354
 139
 191
 263
 251
 165
 227
 297
 180
 180
 182
 413
 222
 104
 307
 242
 206
 216
 256
 167
 164
 247
 165
 165
 171
 164
 166
 496
 227
 734
 179
 174
 167
 229
 675
 386
 166
 108
 108
 168
 188
 165
 682
 224
 103
 183
 227
 240
 184
 238
 212
 126
 177
  90
  96
 168
  98
 143
 171
 176
 174
 179
 210
 900
 175
 221
 191
 206
 227
 242
 311
 136
 157
2032
 234
 185
 173
 194
 182
  97
 100
 178
 101
 228
 181
 232
 171
 179
 172
 221
 221
 233
 167
 195
 373
 246
 245
 245
 213
 209
 228
 515
 204
 194
 165
 103
 246
 225
 245
 190
 175
 101
 188
 187
 858
 251
 177
 176
 179
 164
 101
  97
 254
 184
 196
 102
 227
 233
 176
 171
 102
 119
 175
 251
 166
 176
 158
 167
 242
 167
 456
 221
 167
 234
 155
 366
 228
 208
 130
 109
 176
  90
 245
 150
 337
 186
 102
 225
 234
 292
 325
 231
 167
 238
 223
 189
 237
 196
 220
 175
 198
 181
 236
 226
 235
 179
 239
 276
 780
 126
  99
 183
 264
 232
 329
 190
 189
 368
 234
 371
 261
 149
 220
 182
 192
 645
 240
 222
  98
 230
 237
 180
 166
 244
 380
 231
 189
 233
 179
 121
 330
 228
 228
 173
 197
 137
 638
 315
 183
 241
 167
 185
 186
 171
 307
 239
 176
  99
 241
  97
 190
1000
 169
 203
 217
 168
 170
 177
 302
 231
 232
 222
 173
 180
 179
 298
 226
 224
 229
 250
 162
 197
 333
 214
 201
 192
 192
 194
 210
 262
 174
 176
 203
 176
 233
 182
 225
 240
 108
  94
 184
 190
 323
 267
 234
 238
 175
 240
 231
 729
 383
 191
 109
 227
 162
 204
 154
 248
 229
 195
 188
 254
 189
 180
 335
 114
 193
 193
 167
 301
 314
 347
 346
 216
 249
 223
 192
 176
 189
 396
 276
 298
 189
 223
  97
 305
 172
 161
 175
 225
 220
 144
 176
 156
 168
 164
 180
 100
 161
  97
 248
 196
 182
 354
 238
 190
 290
 234
 194
 196
 166
 219
 320
 320
 172
 167
 176
 192
 168
 107
 163
 660
 227
 217
 223
 220
 172
 350
 236
 183
 181
 239
 189
 217
 305
 194
 174
 179
 191
 165
 180
 316
 167
 190
 227
 163
 244
 168
 232
 242
 172
 174
 177
  98
 169
  96
 171
 231
 230
 259
 242
 170
 241
 227
 226
 189
 227
 184
 140
 303
 291
 190
 288
 265
 277
 181
 320
 694
 238
 180
 263
 232
 180
 311
 228
 213
 219
 230
 220
 184
 174
 187
 221
 229
 236
 187
 163
 291
 221
 168
 400
 358
 332
 386
 196
 272
 231
 218
 242
 247
 103
 167
 229
 167
 236
 189
 175
 206
 190
 185
 185
 181
 188
 186
 119
 243
 179
 161
 175
 207
 107
 184
 301
 240
 346
 176
 230
 178
 676
 542
 342
 170
 214
 232
 172
 175
 305
 358
 217
 346
 126
 163
 281
 253
 306
 272
 203
 220
 197
 105
 171
 181
 167
 216
 226
 234
 689
 274
 245
 108
 231
 227
 258
 170
 209
 192
 266
 264
 158
 661
 249
 325
 498
 172
 230
 222
  90
 176
 168
 152
 165
 174
 171
 186
 100
  97
 239
 188
 180
 140
  99
 125
 292
 193
 183
 183
 232
 230
 601
 190
 298
 190
 287
 290
 307
 301
 273
 272
 190
 138
 659
 109
 176
 168
 163
 177
 185
 387
 350
 289
 332
 275
  99
 182
 234
 165
 173
 257
 238
 193
 165
 175
 176
 241
 732
 251
 268
 621
 280
 271
 170
 275
 172
 238
 169
 176
  88
 230
 369
 143
 176
 294
 473
 256
 614
 468
 299
 337
 205
 348
 333
 301
 458
 334
 331
 304
 177
 232
 106
 240
 354
 174
 297
 276
 261
 280
 407
 224
 229
 540
 248
 512
 231
 166
 238
 188
 124
 175
 206
 637
 300
 225
 192
 201
 274
 171
 241
 349
 235
 231
 227
 170
 196
 177
 253
 178
 183
 176
 100
 109
 232
 304
 187
 182
 215
 739
 204
 196
 254
 266
 257
 307
 197
 207
 305
 318
 197
 169
 223
 188
 171
  98
 913
 150
 202
 187
 184
 227
 241
 179
 245
 189
 185
 175
 235
 665
 272
 236
 195
 179
 207
 169
 178
 325
 248
 246
 371
 164
 224
  89
 168
 172
 233
 171
 251
 237
 217
 195
 172
 196
 105
 155
  94
 168
 228
 163
  97
 199
 256
 186
 169
 249
 163
 210
 250
 173
 184
 190
 778
 273
 274
 231
 230
 235
 220
 272
 228
 727
 192
 296
 302
 285
 197
 292
 297
 157
 235
 228
 151
 314
 397
 167
 244
  97
  94
 189
 233
 181
 173
 175
 164
 246
 162
 947
 283
 285
  89
 164
 181
 157
 255
 227
 224
 115
 231
 171
 643
 320
 277
 263
 177
 186
 174
 494
 303
 236
 176
 187
 189
 158
 158
 670
 148
 702
  98
 103
 295
 196
 391
 223
 150
 106
 224
 235
 171
 229
 207
 251
 193
 168
 186
 166
 172
 170
 169
 107
 176
 250
 183
 336
 224
 175
 740
 192
 233
 221
 332
 686
 231
 212
 233
 163
 237
 237
 225
 201
 243
 195
 174
 181
 254
 235
 172
 164
 242
 660
 267
 247
 234
 169
  95
 171
 223
 184
 238
 216
 228
 186
 234
 218
 226
 144
 667
 261
 283
 318
 237
 122
 299
 167
 208
 175
 239
 274
 186
 215
 167
 192
 240
 654
 254
 198
 222
 374
 202
 137
 184
 183
  95
 175
 175
 179
 126
  94
 163
 230
 306
 164
 165
 242
 164
  99
 178
 557
 266
 174
 275
 200
 412
 181
 502
 204
 316
 205
 355
 199
 292
 276
 145
 198
 142
 262
 162
 240
 236
 230
 245
 238
  94
  94
 130
 188
 208
 175
 239
 223
 177
 290
 803
 195
 210
 166
 184
 187
 196
 157
 252
 119
 222
 171
 226
 183
 208
 234
 164
 121
  86
 163
 149
 178
 175
 193
 170
 920
 110
 190
 639
 277
 303
 785
 529
 619
 626
 531
 639
 734
 627
 343
 218
 166
 636
 755
 632
 338
 349
 386
 620
 332
 368
 351
 368
 342
 222
 386
 507
 353
 207
 344
 379
 368
 351
 522
 243
 222
 172
 202
 226
 162
 227
 217
 181
 182
 235
 170
 117
 172
 214
 166
 169
 655
 235
 228
 299
 173
 225
 228
 227
 127
 514
 313
 206
 237
 398
 237
 120
 184
 381
 183
 229
 364
 183
 238
 228
 233
 358
 314
 332
 227
 174
 207
 298
 211
 163
 276
 179
 151
  86
  95
 131
 159
 162
 138
 185
 163
 168
 159
 148
 166
 239
 122
 164
 290
 169
 212
  96
  93
 197
 100
 191
 225
 167
 219
 226
 162
 160
 177
 170
 316
  95
  89
 406
 236
 184
 181
 258
 205
 219
 100
 607
 106
 223
 225
 207
 126
 169
 177
 166
 168
 178
 119
 220
 214
 168
 163
 159
 119
 166
 168
 237
 176
 175
 122
 186
 244
 228
 231
 328
 296
 303
 299
 211
  98
 102
 243
 285
 170
 160
 219
 218
 159
 170
 170
 188
 448
 219
  93
 148
 172
 215
 172
 274
 242
 239
 178
 123
 174
 161
 184
 166
 219
 189
 232
 147
 218
 209
 228
 232
 226
 165
 160
 216
 222
 227
 103
 203
 101
 193
 189
 584
 333
 272
 175
 228
 304
 233
 227
 228
 174
 189
 182
 221
 254
 190
 174
 167
 234
 345
 386
 237
 227
  97
 160
 509
 158
  89
 150
  80
 176
 159
 180
 161
 192
 165
 162
 107
 193
 163
 163
 311
 242
 635
 168
 167
 164
 213
 172
 219
 210
 223
 214
 236
 194
 292
 234
 179
 187
 255
 313
 202
 190
 335
 272
 365
 218
 316
 197
 456
 190
 140
 228
 187
 373
 216
 337
 235
 174
 229
 159
 258
 188
 241
 395
 344
 217
 290
 163
 184
 292
 178
 147
 218
 200
 329
 313
 372
 148
 374
 226
 175
 222
 163
 282
 168
 229
 155
 161
 158
 163
 207
 174
 209
 231
 205
 228
 348
 243
 233
 176
 641
 226
 166
 241
 167
 176
 103
 220
 161
 174
 172
 164
 145
 155
 174
 166
  96
 173
 379
 167
 218
 228
 158
 145
 190
 235
 243
 251
 776
 194
 300
 182
 364
 261
 254
 231
 229
 158
  89
 226
 165
 177
  91
 113
 207
 180
1195
 217
 149
 230
 191
 168
 170
 285
 434
 229
 186
 182
 235
 167
 224
 664
 190
 211
 203
 111
 355
 388
 234
 185
 196
 222
 226
 606
 381
 219
 242
 265
 164
 231
 221
 188
 148
 123
 258
 225
 228
 221
 305
 208
 230
 221
 233
 171
 232
 970
 295
 170
 234
 103
 178
 205
 317
 284
 260
 165
 205
  89
 159
 291
  88
 170
 159
 217
  95
 474
 408
 222
 126
 170
 156
 212
 166
 302
 681
 258
 245
 258
 220
 174
 215
 197
 100
 208
 210
 229
  98
 255
 165
 101
 237
 214
 352
 232
 238
 215
 100
 176
 389
 286
 240
 297
 177
 230
 229
 221
 169
 170
 208
 189
 177
 216
 185
 216
 175
 178
 233
 178
 194
 162
 178
 229
 176
 231
 107
 163
 323
 231
  95
 162
 216
 220
 385
 195
 201
 250
 301
 220
 508
 293
 160
 164
 244
 336
 226
 228
 247
 163
 221
 162
 189
 165
  99
 217
 177
 168
 159
 261
 259
 147
 154
 134
 176
 326
 173
 365
 294
 174
 143
 136
 138
 155
 204
 226
 168
 159
 145
 261
 217
 393
 278
 180
 116
 546
 120
 163
 223
 174
 166
 162
 206
 216
 330
 226
 226
 202
 115
 186
 360
 169
 177
 222
 228
 162
 170
 166
 304
 229
 182
 197
  97
 294
 305
 380
 264
 295
 299
 181
 295
 286
 361
 161
  87
 109
 138
 140
 148
 159
 155
  89
 143
 256
 143
 191
 165
 234
 236
  98
 260
 214
 216
 172
 248
 161
 231
 195
 278
 188
 296
 236
 181
 176
 185
 187
 182
 294
 221
 211
 438
 119
 163
 115
 305
 212
 714
 251
 236
 223
 228
 284
 226
 155
 220
 177
 174
 228
 173
 143
 641
 191
 252
 163
 213
 291
 237
 166
 173
 175
 195
 162
 249
 161
 172
 220
 157
 113
 181
 234
 171
 204
 219
 236
 227
 186
 226
 176
 244
 172
 163
 166
 214
 252
 234
 178
 178
 231
 380
 235
 165
 254
 274
 263
 197
 164
 206
 142
 214
 186
 321
 210
  88
 209
 232
 672
 163
 155
 105
 106
 105
  88
 227
  89
 181
 224
 224
 178
 174
 161
 101
 259
 212
 171
 174
 166
 151
  88
 190
 170
 218
 185
 322
 565
 189
 157
 226
 106
  90
 233
 242
 168
 153
 151
 196
 156
 150
 236
 160
 170
 178
 799
 157
 155
 184
 163
 214
  98
  88
 201
 100
 194
 192
 213
 166
 157
 227
 163
 151
 164
 745
 126
 183
 133
 203
 222
 660
 328
 206
 208
 275
 196
 180
 155
 395
 165
 399
 226
 243
 154
 170
 124
 184
 173
 166
 168
 189
 169
 213
 215
 253
 165
 183
 215
 240
  90
 231
 234
 109
 183
 143
 222
 171
  93
 217
 188
 280
 213
 233
 171
  95
 227
 219
 240
 233
 226
 242
 169
  97
 223
 173
 211
 167
 178
 232
 247
 221
 157
 166
 381
 282
 257
 404
 308
 330
 325
 333
 198
 173
 167
 161
 230
 224
 221
 166
 169
 231
 178
 169
 230
 166
 228
 236
 175
 206
 249
 231
 168
 161
 232
 155
 144
 214
 141
 153
 158
 162
 331
 163
 236
 214
 214
 103
 163
 169
 140
 158
 171
 173
 183
 157
 162
  95
 255
 152
 171
 286
 191
 194
 220
 232
 227
 184
 182
 225
 289
 215
 220
 171
 431
 168
 169
 228
 277
 257
 194
 182
 541
 286
 221
 283
 359
 178
 104
  91
  97
 172
 191
 236
 161
 217
 171
 171
 180
 114
 186
 179
 198
 168
 719
 217
 177
 517
 204
 180
 128
 219
 170
 234
 186
 220
 450
 155
 171
 259
 274
 401
 295
 275
 314
 229
 233
 294
 136
  90
 142
 172
 221
 219
 217
 174
 231
 214
 161
 184
 172
  94
 148
 155
 151
 148
 229
 157
 150
 128
 169
 211
 225
 219
 215
 171
 229
 158
 149
 254
 109
 184
 188
 429
 260
 103
  95
 175
 186
 186
 111
  88
 165
 171
 190
 212
 209
 269
 222
 485
 202
 166
 106
 239
 131
 105
 209
 177
 220
  97
 182
 511
 222
 202
 314
 215
 176
 460
 285
 757
 509
 482
 436
 652
 710
 938
 611
 638
 301
 343
 631
 660
 379
 228
 695
 645
 452
 254
 454
 247
 539
 487
 511
 458
 510
 527
 324
 287
 316
 498
 459
 505
 549
 292
 271
 289
 334
  92
 168
  90
 232
 173
 231
 240
 172
 215
 173
 320
 159
  95
 188
 224
 234
 223
 166
 180
 220
 210
 205
 210
 172
 171
 221
  99
 182
 225
 253
 113
 124
 179
  97
 212
 162
 601
 177
1016
 534
 269
 477
 501
 523
 470
 735
 466
 512
 516
 507
 477
 490
 720
 571
 300
 296
 247
 544
 302
 275
 500
 493
 529
 475
 478
 456
 262
 253
 556
 528
 468
 537
 536
 315
 496
 517
 503
 485
 472
 509
 476
 535
 332
 516
 253
 517
 305
 256
 475
 506
 285
 455
 254
 480
 502
 259
 505
 502
 515
 187
 168
1038
 680
 455
 635
 619
 187
 381
 242
 376
 371
 354
 370
 366
 383
 545
 389
 364
 273
 383
 389
 380
 325
  96
 196
 163
 271
 301
 162
 446
 138
 250
 301
 257
 193
 167
 424
 251
 259
 185
 227
  95
 226
 883
 249
 222
 163
 186
 151
 167
 302
 685
 121
 316
 166
 216
 160
 255
 219
 167
 172
 175
 105
 177
 151
 213
 239
 172
 199
 160
 102
 147
 241
 168
 165
 262
 193
 195
 231
 157
 182
 246
 224
 203
 161
 293
 229
 143
 263
 177
 176
 163
 395
 178
 250
 190
 211
 176
 291
 358
 151
 166
  85
  96
  92
 165
 154
 156
 153
 148
 150
 157
 209
 215
 230
 103
 161
 206
 115
 173
 174
 183
 161
 225
 223
 225
 195
 365
 179
 259
 172
 211
 173
 220
 302
 235
 225
 231
 170
 227
 229
 251
 229
 237
 234
 219
 186
 215
 223
 169
 214
 198
 177
 220
 165
 235
 334
 181
 291
 293
 224
 169
 173
 397
 241
 230
 203
 172
 105
 206
  97
 202
 187
 231
 185
 199
 301
 228
 190
 248
 102
 391
 175
 309
  98
 216
 231
 178
 164
 218
 307
 216
 225
 189
 164
 542
 161
 182
 219
 247
 187
 167
 175
 230
 268
 222
  95
 164
 223
 173
 215
 174
 170
 249
 213
 241
 713
 332
 293
 252
 183
 216
 316
 126
 234
 238
 232
 241
 166
 160
 166
 296
 245
 115
 167
 168
 196
 201
 199
 219
 217
 176
 242
 318
 265
 211
 317
 164
 222
 180
 239
 168
 173
 297
 213
 224
 227
 235
 193
 174
 318
 232
 226
 110
 169
 227
 236
 227
 218
 218
 169
 228
 236
 238
 233
 248
 163
 191
 148
 182
 220
 231
 230
 228
 222
 213
 234
 325
 389
 178
 269
 218
 239
 191
 160
 301
 169
 221
 249
 216
 147
 230
 168
 125
 158
 168
 230
 155
 182
 249
 168
 236
 171
 161
 103
 211
 296
 219
 228
 105
 245
 279
 181
 188
 226
 236
 171
 102
 162
 172
 213
 170
 124
 230
 171
 175
 688
 405
 343
 297
 202
 324
 328
 236
 223
 232
 221
 241
 232
 220
 147
 241
 242
 218
 163
 165
 199
 241
 379
 257
 243
 223
 264
 224
 134
 314
 159
 163
 163
 234
 164
 235
 256
 184
 228
 188
 213
 176
 143
 165
 160
 238
 141
 161
 604
 682
 881
 279
 359
 772
 355
 350
 346
 334
 670
 729
 718
 312
 222
 295
 361
 141
 130
 148
 198
 267
 209
 451
 259
 253
 261
 243
 214
 224
 272
 173
 154
 339
 291
 155
 232
 346
 173
 239
 225
 175
 210
 215
 229
 173
 223
 214
 221
 170
 390
 886
  89
 181
 227
 238
  92
 158
  81
 161
 130
 155
 166
 146
 300
 543
 618
 670
 281
 236
 170
 225
 229
 231
 194
 149
 195
 150
 157
 303
 226
 131
 228
 170
 160
 177
 182
 427
 225
 684
 323
 112
 163
 307
 136
 231
 245
 243
 145
 150
 150
 156
 160
 233
 169
 122
  94
 297
 230
 229
 242
 230
 232
 260
 245
 166
 235
 145
 237
 180
 128
 169
 163
 240
 229
 249
 165
 167
 296
 248
 228
 165
 237
 164
 160
 266
 220
 243
 242
 226
 154
 219
  99
 219
 226
 159
 158
 210
 221
 239
 169
 249
 231
 242
 248
 243
 257
 251
 206
 248
 178
 216
  92
 245
 232
 177
 214
 235
 231
 167
 242
 209
 241
 195
 218
 223
 222
 234
 215
 179
 220
 189
 210
 239
 321
 247
 170
 155
 277
 234
 225
 182
 232
 224
 173
 339
 321
 194
 443
 213
 183
 277
 170
 175
 145
 222
 185
 235
 228
  93
 168
 223
 235
 233
 286
  99
 171
 162
 183
 216
 210
 180
  90
 183
 130
 325
 207
 324
 211
 322
 327
 296
 298
 300
 187
 216
 186
 170
 172
 217
 236
 234
 213
 224
 180
 393
 260
 349
 164
 221
 220
  89
 247
 169
 316
 199
 219
 185
 224
 181
 169
 230
 174
 174
 167
 164
 214
 207
 283
 223
 114
 125
 187
 227
 197
 169
 235
 172
 147
 240
 193
 175
 471
 282
 119
 154
 147
 109
 138
 148
 115
 117
  96
 196
 175
  82
 258
 171
  92
 222
 117
 154
 213
  96
  93
 100
 167
 178
 179
 159
 617
 275
 148
 131
 169
 164
 144
 298
 165
 178
 146
 194
 220
 207
 235
 160
 178
 334
 283
 213
 181
 284
 235
 221
 510
 252
 181
 207
 296
 153
 170
 160
 178
 173
 179
 180
 318
 238
 283
 191
 190
 173
 293
 671
 200
 168
 165
 177
 238
 290
 179
 144
 207
 617
 211
 217
 365
 277
 106
 174
 384
 234
 220
 307
 232
 102
 162
 170
 218
 223
 313
 220
 221
 241
 161
 163
 226
 225
 176
 167
 161
 184
 204
 189
 303
 179
 226
 179
 236
  99
 291
 314
 249
 361
 349
 135
 229
 181
 179
 209
  89
 171
 154
 158
 179
 353
 227
  97
  86
 142
 165
 108
  97
 101
  99
 217
 221
 111
 177
 266
 252
 177
 220
 180
 164
  77
 301
 155
 233
 161
 166
  97
 171
 286
 226
 189
 196
 565
 244
 135
 337
  91
 160
 145
 106
  92
 139
 180
 172
 158
 186
 188
 179
 196
 163
  89
  95
 101
 163
 183
 172
  97
 244
 226
 228
 241
 224
 178
 172
 194
 170
 182
  88
 165
 179
 231
  91
 216
 228
 172
 220
 154
 303
 184
 222
 178
 177
 164
 220
 307
 233
 171
 179
 154
 169
 210
 252
 191
 212
 124
 224
 176
 216
 247
 164
 209
  96
 236
 223
 158
 235
 220
  91
 175
 179
 167
 225
 277
 226
  97
 182
 172
 163
 155
 166
 222
 226
 177
 219
 182
 149
 182
 202
 100
 218
 168
 104
 161
 164
 177
 121
 168
 101
 166
 158
 316
 231
 190
 169
 101
 195
 157
 153
 216
 165
 165
 229
 167
 169
 172
 235
 201
 179
 172
 219
 156
 286
 164
 185
 182
 208
 158
 216
 196
 236
 225
 175
 164
 153
 184
 224
 220
 176
 211
 178
 176
  94
 320
 204
 157
 185
 100
 228
 171
 282
 224
 212
 180
 182
 183
 206
 300
 241
 172
 154
 252
 155
 173
 166
 193
 177
  96
 218
 155
 221
 243
 237
 190
 226
 229
 167
 225
 270
 170
 102
 180
 100
 197
  88
 241
 229
 158
 201
 151
 209
 172
 203
 231
 105
 178
  90
 163
 178
 234
 174
 166
 223
 225
 228
 231
 298
 167
 230
 159
 200
 178
 162
 212
 204
 179
 186
 184
 190
 215
 102
 171
 159
 223
 156
 183
 184
 243
 232
 206
 216
 154
 224
 170
 237
 132
 171
 157
 167
 162
 104
 164
 159
  93
 181
 220
 169
 208
 285
 221
 157
 184
 185
 225
  99
 271
 230
  96
 161
 222
 166
 210
 173
 252
 200
 189
 222
 210
 164
 268
 172
 166
 190
 249
 393
 253
 398
 186
  97
 184
 162
 218
 182
 159
 200
 694
 173
  83
 225
 151
  96
 206
  89
 188
 146
 208
 147
 234
 157
 176
 377
 192
 106
 230
 248
 767
 273
 120
 210
 145
 117
 212
 616
 183
 163
 136
  93
 152
 215
 161
 140
 149
 169
 156
 163
 158
 291
 203
 169
 146
 182
 192
 252
 221
 218
 163
 177
 206
 165
 243
 663
 184
 236
 223
 131
 177
 234
 175
 225
 161
 198
 209
 213
 101
 230
 218
 145
 139
 156
  83
 539
 137
 133
 166
 220
 208
 152
 303
 242
  98
  84
 155
 154
 103
 249
  95
 157
  86
  88
 129
 122
  87
 107
 172
 187
 224
 102
 185
 166
 131
 235
 236
 250
 181
 247
 362
 130
 160
 218
 175
 169
 127
 153
 159
 149
 158
 154
 127
 368
 209
 158
 174
 171
 149
 165
 143
 206
 159
 200
 196
 161
 230
  91
 164
 203
 217
 202
 180
 134
 161
 212
  97
  97
 111
 159
 160
 144
 194
 155
 161
 158
 212
  91
  94
 155
 136
 155
 101
  92
 176
 165
 289
 660
 314
 334
 205
 231
 222
 328
 152
 363
 167
 228
 670
 383
 350
 205
 150
  81
 150
 609
  80
 262
 239
 190
 494
 204
 103
 435
 167
 179
 180
 197
 191
 183
 156
 273
 166
 178
 157
 698
 196
 168
 294
 182
 224
 151
 177
 197
 213
 188
 173
 234
 172
 222
 173
 198
 291
 172
 170
 205
 180
 184
 330
 179
 183
 155
 147
 214
 167
 211
 161
 165
 224
 162
 149
 135
 148
 222
 151
 132
 142
 154
 155
 143
 158
 176
 182
  87
 142
 149
 164
 215
 158
 126
 216
 171
  95
 177
 292
 240
 236
 247
 244
 167
 245
 269
 223
 233
 172
 235
 228
 181
 186
 217
 172
 161
 220
 701
 177
  98
 165
 223
 157
 158
 244
 236
 215
 189
 179
 194
 118
 185
 205
 291
 105
 169
 225
 195
 162
 163
 194
 219
 223
 383
 168
 300
 172
 293
 663
 192
 167
 219
 222
 104
 325
 226
 233
 130
 156
 220
 174
1020
 316
 180
 143
 185
 177
 175
 205
 175
 627
 616
 435
 232
  85
 117
 161
 123
 231
 164
 210
 227
 247
 186
 168
 427
 258
 239
 348
 344
 285
 218
 224
 222
 179
 176
 221
  91
 352
 129
 233
 256
 166
 230
 213
 187
 125
 221
 220
 609
 290
 166
 219
 186
 167
 235
 172
 175
 169
 102
 184
 219
 235
 252
 285
 164
 224
 236
 212
 202
 216
 296
 208
 317
 193
 237
 254
 273
 513
 222
 219
 167
 234
 151
 102
 188
 217
 105
 175
 225
 206
 170
 289
 216
 143
 162
 176
 205
 220
 163
 227
 215
 567
 177
 285
 203
 279
 109
 157
 173
 166
 158
 171
 177
 168
 249
 173
 249
 199
 138
 201
 298
 113
  89
 132
 147
 156
 163
 183
  97
 141
  89
 173
 173
 264
  97
 158
 242
 164
 224
 179
 161
 163
 226
  99
 157
 279
 157
 195
 175
 180
 255
 234
 216
 163
 315
 212
 238
 159
 208
 206
 219
 305
 168
 161
 172
 228
 308
 121
 177
 250
 209
 167
 228
 478
 278
 383
 195
 109
 176
 239
 187
 217
 218
 410
 214
 162
 177
 186
 216
 230
 203
 233
 190
 110
 177
 215
 281
 169
 171
 224
 226
 389
 158
 178
 166
 179
 132
 209
 206
 170
 327
 106
 224
 373
 169
 171
 159
 225
 178
 212
 217
  91
 175
 227
 304
 340
 277
 262
 196
 200
 189
 422
 240
 183
 276
  89
 154
 171
 166
 163
 152
 186
 178
 176
 193
 119
 177
 169
 174
 399
 182
 159
 936
 259
 218
 295
 697
 231
  87
 232
 261
 108
 162
 123
 228
 173
 226
  98
 180
 358
 217
 114
 175
 253
 246
 162
 174
 187
 211
 103
 290
 224
 185
 170
 160
 180
 181
 232
 249
 176
 225
 187
 686
 260
 143
 169
 105
  98
 233
  88
 157
 166
 168
 156
 160
 105
 157
 115
  81
 154
 206
 163
  86
 148
 155
 347
 234
 182
 127
 253
 168
 178
 304
 358
 167
 195
 243
 247
 219
 232
 218
 170
 175
 177
 179
 196
 170
 185
 224
 178
 224
 229
 623
 325
 233
 159
 358
 111
 167
 174
 264
 168
 218
 190
 160
 212
 686
 190
 229
 142
 172
 150
 134
 223
 256
 625
 106
 180
 158
 101
 105
 290
  93
 156
 192
 167
 699
 173
 299
 241
 625
 118
 224
 132
 175
 276
 232
 208
 166
 159
 177
 216
 256
 211
 140
 126
 283
 166
 174
 657
 252
 218
 180
 174
 221
 173
 260
  96
 166
 113
 166
 167
 181
 298
 223
 223
 217
 161
 170
 160
 704
 293
 250
 128
 283
 130
 279
 415
 295
 245
 233
 253
 157
 201
 257
 165
 109
 154
  94
 106
 163
 317
 215
 159
 170
 230
 229
 229
 265
 292
 170
 193
 174
 179
 200
 284
 230
 163
 223
 165
 218
 196
 246
 184
 232
 160
 167
 745
 185
 331
 158
 353
 184
 184
 120
 222
 721
 388
 182
 178
 161
 221
 169
 214
 633
 307
 730
 230
 263
 292
 381
 115
 140
 166
 219
  97
 184
 287
 216
 214
 174
 220
 177
 183
 213
 234
  99
 234
 164
 208
 212
 199
 235
 192
 224
  85
 655
 182
 277
 125
 164
 174
 206
 105
 290
 348
 129
 362
 169
 496
 121
 215
 274
 172
 183
 217
 225
 130
 126
 320
 233
 223
 238
 173
 204
 221
 306
 362
 235
 191
 221
 193
  97
 321
 175
 284
 171
 174
 199
 107
 240
 214
  99
 211
 222
 136
 171
 273
 159
 245
 172
 156
 155
 170
 174
 178
 160
 178
 229
 180
 167
 167
 173
 177
 163
 163
 211
 241
 292
 205
 162
 219
 215
 174
 139
 978
 174
 183
 151
 193
 164
 174
 334
 172
 351
 141
  93
 162
 155
 105
 164
 167
 216
 169
 218
 242
 161
 153
  81
 122
 218
 239
 171
 242
 173
 167
 158
 357
 335
 217
 229
 565
 238
 124
 432
 191
  87
 248
 167
 356
 183
 229
 151
 186
 483
 314
 306
 213
 164
 167
 142
 155
 150
 146
 192
 350
  91
 172
 169
 159
  99
  96
 218
 140
 214
 212
 156
 623
 138
 143
  90
 161
 544
 319
 167
 115
 216
 211
 221
  91
 224
 155
  98
 216
 214
 216
 230
 166
 182
 179
 169
 185
 171
 236
 220
 123
 220
 174
 175
 222
 146
  97
 243
 213
 219
 382
 255
 261
 178
 176
 179
 245
 171
 139
 327
 177
 360
 313
 260
 188
 213
 279
 212
 100
 172
 393
 161
 184
 299
 186
 175
 336
 246
 200
 317
 450
 160
 183
 164
 152
 160
 197
 229
 177
 224
 174
 115
 123
 205
  98
 191
 181
 175
 222
 482
 141
 310
 214
 120
 232
 162
 180
 218
 240
 195
 162
 150
 150
 151
 678
 288
 263
 254
 133
 294
 181
 284
 394
 178
 227
 228
 251
 188
 186
 340
 171
 191
 186
 210
 164
 643
 264
 164
 639
 117
 213
 231
 155
 251
 228
 105
 108
 159
 227
 147
 252
 169
 107
 223
 190
 640
 328
 480
 194
 174
 171
  97
 172
  91
 306
 643
 326
 312
 336
 328
 287
 346
 212
 140
  93
 200
 176
 221
 723
 164
 245
 301
 291
 169
 160
 301
 218
 171
 212
 370
 231
 227
 280
 733
 180
 231
 225
 222
 208
 297
 229
 188
 182
 181
 107
 213
 172
 228
 182
 166
 341
 114
 163
 302
 210
 206
 179
 104
 176
 180
 237
 221
 345
 288
 224
 225
 161
 327
 237
 171
 188
 164
 244
 227
 309
 155
 158
 602
  94
 152
 163
 166
 239
 220
 215
 183
 172
 188
 183
 366
 216
 161
 162
 167
 219
 161
 234
 169
 203
 174
 704
 312
 383
 299
 178
 252
 179
 168
 221
 157
 170
 192
 180
 181
 233
 179
 185
 218
 138
 158
 207
 168
 150
 332
 174
 220
 261
 232
 185
 178
 218
 160
 159
 178
 205
 175
 174
 278
 158
 494
 231
 168
 210
 158
 206
 121
 197
 209
 204
 224
 107
 259
 167
 359
 321
 286
 291
 227
 285
 163
 218
 162
 200
 171
 184
 249
 226
 168
 157
 218
 165
  93
 171
 126
 159
 165
 247
 250
 196
 288
 101
 171
 182
 171
 106
 206
 179
 171
 196
 205
 204
 332
 195
 410
 158
 158
 179
 100
 222
 255
 165
 161
 187
 214
  94
 155
 199
 222
 162
 182
 203
 210
 168
 164
 242
 139
 169
 336
 245
 228
 100
 237
 162
 172
 164
  91
 173
 161
 300
 157
 200
 217
  98
 173
 237
 266
 190
 201
 170
 210
 115
 171
 295
 671
 149
 252
 166
  87
 218
 168
 163
 168
 540
 257
 214
 109
 312
 170
 201
 236
 174
 229
 216
 176
 120
 157
  93
 184
 225
 212
 167
 197
 210
 149
 229
 224
 234
 242
 231
 227
 480
 178
 179
  90
 139
 608
 251
  84
 209
 505
 231
 288
 237
 398
 172
 234
 220
 227
 256
 172
 161
 184
 229
 150
 226
 303
 163
 225
 165
 162
 642
 165
 339
 194
 203
 198
 186
 313
 290
 493
 331
 304
 178
  86
 101
  97
 219
  96
 171
 170
 195
 374
 260
 364
 270
 224
 224
 174
 211
 157
 242
 223
 189
 222
 235
 229
  92
 158
 245
 224
 220
 174
 219
  98
 174
 165
 179
 185
 237
 321
 163
 332
 233
 191
 178
 141
 206
 192
 283
 187
 230
 240
 229
 220
 165
  88
 185
 159
 153
 181
 305
 192
 134
 119
 219
 223
 181
  96
  93
 276
  89
 237
 180
 686
 247
 237
 408
 285
 694
 250
 157
  91
 157
1053
 204
 159
 170
 231
 173
 164
 221
 376
 215
 142
 171
 166
 158
 209
 156
 161
 166
 127
 153
 150
 179
 166
 201
 159
 161
  90
 150
 154
 155
 159
 128
 183
 462
 183
 168
 156
 168
 227
 351
 257
 190
 222
 612
 185
 190
 236
  84
 175
 161
 168
  93
 180
 214
 184
 222
 226
 167
 130
 139
 130
 148
 141
 139
 116
 161
 174
  95
 157
 250
 352
 211
 200
 185
  89
 127
  94
 170
 174
 146
 183
 111
 195
 387
 148
 161
  86
 174
 214
 653
 236
 279
 260
 186
 212
 289
 284
 236
 298
 188
 186
 173
  95
 180
 227
 239
 171
 236
 180
 377
 331
 207
 470
 280
 330
 273
 207
 244
 132
 237
 261
 225
  85
 177
 111
  92
 317
 215
 183
 185
 174
 206
 308
 164
 180
 169
 178
 189
 159
  94
 289
 215
 178
 177
 179
 104
 167
 208
 296
 166
 137
 268
 265
 122
 216
  80
 155
 163
 190
 185
 170
 216
 440
 323
 203
 205
 250
 169
 181
 126
 163
 171
 600
 181
 347
 116
 662
 236
  98
  82
 164
 174
  97
 171
  98
 177
 164
 172
 187
 100
 176
  98
 230
 222
 158
 165
 185
 170
 213
 159
 167
 164
 289
 305
 204
 305
 248
 183
 162
 157
 171
 162
 160
 221
 215
 232
 178
 284
 220
 215
 188
 176
 191
 161
 169
 247
 123
 133
 288
 189
 221
 163
  93
 175
  90
 171
 187
  89
 614
 414
 240
 285
 123
 125
 173
 296
 180
 168
 161
 172
 145
 175
 200
 159
 123
 115
 149
 177
 194
 165
  97
 178
 163
 183
 120
 119
 279
 243
 486
 285
  93
 163
 160
 167
  93
 167
 180
 204
 164
 200
 183
 108
 171
 168
 172
 165
 169
 305
 339
 197
 169
 189
 148
 179
 300
 142
 190
 235
 178
 154
 168
 292
 136
 170
 138
 161
 132
 136
 162
 161
 675
 284
 166
  97
 170
 188
 161
 174
 112
 161
 224
 468
 505
 283
 306
 126
 154
 143
 175
 215
 162
 171
 168
 228
 154
 143
 200
 163
 183
 731
 156
  96
  92
 245
 121
 222
 192
 165
 197
 177
 256
  98
 165
 164
 160
 173
 154
 147
 151
 151
 162
 140
 159
 172
 198
 163
 145
 133
 194
 147
 180
 158
 172
  93
 686
 260
 191
 364
 200
 170
 166
 536
 225
 175
 167
 105
 100
 227
 116
 223
 139
 225
 160
 188
 170
 157
 165
 219
 690
 436
 180
 235
 129
 184
 190
 172
 166
 174
 165
 179
 348
 156
 228
 246
 227
 188
 129
 167
 203
 177
 311
 167
 733
 233
 240
 198
 172
 284
 168
 181
 175
 217
 173
 672
 297
 215
 146
 238
  98
 166
 157
 186
 173
 146
  99
 161
  91
  97
  83
 222
 169
 172
 168
 184
 170
 226
 212
 760
 150
 142
 142
  94
 259
 144
 155
 225
 170
 163
 202
 209
  93
 208
 181
 214
 202
 213
 238
 187
 183
  98
  98
 169
 102
 710
 279
 306
 181
 164
 223
 212
 173
 180
 161
 177
 172
 206
 172
 226
 166
 155
 164
 186
 165
 142
 211
 144
 116
 167
 206
 187
 167
 176
 140
 168
 122
 155
 173
 173
 133
 128
 140
 374
 246
 165
 196
 143
 232
 198
 164
 158
  86
 166
 231
 140
  92
 155
 179
 185
  92
 320
 150
 241
 207
 162
 152
  86
  85
 154
 275
 156
 132
 168
 208
 137
 191
 459
 337
  78
 382
 220
 153
 129
 145
 350
 347
 343
 219
 166
  89
 233
 215
 251
 174
 175
 223
 230
 222
 162
 225
 171
 161
 134
 239
 245
 172
 263
 217
 147
 153
 150
 167
 154
 136
 143
 185
 161
 144
 151
 161
  96
 169
 161
 238
 164
 175
 254
 243
 202
 229
 307
 239
 161
 223
 238
 104
  93
 292
 172
 113
 176
 235
 196
 244
 349
 272
 217
 280
 269
 210
 140
 698
 296
 189
 144
 254
 272
 196
 411
 293
 297
 278
 193
 299
 173
 334
 228
 209
 357
 261
 190
 231
 227
 235
 226
 640
 163
 182
 396
 174
 232
 216
 179
 207
 169
 187
 244
 207
 197
 334
 179
 142
 168
 288
  99
 193
 158
 654
 282
 193
 306
 162
 313
 185
 247
 158
 170
 219
 100
 236
 698
 339
 247
 654
 320
 303
 321
 322
 319
 307
 299
 160
 236
 171
 211
 173
 162
  87
 236
 218
 276
 187
 187
 689
 201
 518
 306
 344
 196
 323
 331
 291
 322
 329
 203
 211
 168
 226
 217
 181
 202
 361
 236
 288
 194
 169
 214
 171
 168
 226
 238
 664
 183
 301
 160
 167
 180
 235
 183
 207
 205
 164
 227
 179
 220
 169
 164
 324
 226
 213
 171
 234
 183
 210
 222
 222
 170
 231
 238
 488
 345
 414
 254
 292
 256
 288
 249
 185
 307
  93
 120
 110
 145
 175
 149
 233
 150
 152
 145
 163
 150
 177
 241
 179
 216
 105
 222
 218
 218
 313
 223
 230
  99
 232
 172
 192
 300
 191
 229
 233
 105
 187
 166
  96
 183
 193
 179
 232
 171
  92
 197
 168
 211
 165
  96
 166
 224
 141
 205
 636
 249
 286
 158
 214
 298
 169
 399
 299
 323
 326
 163
 213
 157
 202
 181
 181
 261
 223
 215
 169
  96
 235
 246
 165
 158
 255
 181
 100
 168
 162
 225
 179
 241
 252
 220
 221
 168
 179
 176
 342
 230
 221
 168
 194
  99
 110
 295
 161
 172
 134
 233
 253
 179
 677
 170
 426
 248
 108
  88
 177
 172
 166
 216
 223
 217
 222
 217
 183
 141
 124
 151
 154
 159
 195
 168
 165
 143
 153
 160
 167
 232
 286
 227
 186
 161
 221
 172
 221
 307
 236
 231
 192
 159
 211
 106
 284
 173
 220
 240
  94
 227
 385
 218
 177
 220
 220
 177
  93
 166
 227
 395
 106
 173
 164
 217
 162
 101
 205
 206
 155
  97
 163
 218
 315
 233
 106
 169
 203
 184
 482
 337
 650
  82
 165
  94
 176
  91
 159
 162
 156
 156
 507
 258
 238
  92
 215
 221
 167
 172
 163
 169
 226
 166
 213
 167
 101
 169
 282
 254
 285
 139
 331
 362
 284
 330
 328
 197
 165
 167
 273
 317
 308
 429
 245
 275
 458
 322
 251
 159
  93
 151
 189
 182
 213
 176
 274
 388
 214
 228
 209
 138
 181
 169
 184
 244
 167
 144
 157
  83
  80
 192
 220
 181
 200
 250
 185
 225
 225
 457
 173
 177
  95
  96
 171
 683
 137
 171
 166
 172
 196
 160
 257
 218
 174
 179
 200
 108
 172
 173
 226
 229
1048
 151
 224
 213
 170
 315
 239
 221
 161
 233
 211
 223
 179
 158
 171
 162
  98
 217
 170
 177
 370
 248
 253
 267
 232
 288
 158
 215
 286
 249
 283
 502
 417
 259
 290
 164
 154
 617
 229
 671
 311
 290
 283
 176
 219
 218
 665
 287
 192
 256
 291
 170
 162
 190
 213
 227
 220
 208
 210
 145
 178
 176
 226
 179
 223
 235
 205
 295
 221
 298
 168
 179
 204
 223
 254
 231
 180
 333
 233
 238
 104
 365
 162
 172
 218
 177
 275
 119
 238
 101
 212
 176
 161
 234
 158
 980
 125
 176
 202
 219
 208
 287
 194
 242
 261
 101
 218
 167
 168
 301
 237
 218
 169
 168
 167
 183
 290
 223
 183
 178
 195
 191
 169
 252
 173
 162
 646
 271
 194
 177
 359
  98
 162
 175
 183
 179
 677
 335
 208
 313
 286
 309
 308
 315
 209
 298
 169
 163
 246
  85
 155
 164
 163
 182
 175
 171
 183
 179
 194
  94
 180
 267
 285
 292
 221
 294
 235
 166
 153
 212
  89
 175
 175
 173
 184
 203
 242
 166
 221
 100
 169
 223
 236
 187
 217
 162
 244
 199
  89
 224
 167
 199
 177
 386
 264
 208
 253
 185
 180
 233
 255
 253
 254
 174
 171
 105
 225
 230
 160
 182
 224
 218
 205
 224
 172
 235
 195
 570
 232
 171
 159
 154
 669
 239
 741
 440
 276
 221
 225
 377
 171
 128
 279
 271
 284
 407
 284
 133
 226
 473
 290
 218
 236
 184
 207
 171
 366
 292
 105
 176
 214
 219
 179
 232
 206
 170
 229
 180
 678
 339
 334
 301
 170
 310
 491
 159
 657
 500
 242
 168
 343
 263
 245
 168
 154
 166
 188
 283
 157
  99
 159
 177
 225
 190
 297
 190
 183
 164
 237
 210
 233
 165
 163
 141
 232
  89
 104
 103
 293
 210
 225
  96
 216
 487
 285
 301
 187
 163
 816
 245
 338
 289
 484
 189
 246
 167
 101
 225
 102
 172
 219
 182
 240
 198
 170
 232
 245
 164
 161
 601
 271
 290
 184
 232
 675
 326
 340
 337
 332
 268
 315
 264
 126
 110
 159
 176
 184
 241
 232
 645
 227
 232
 167
 170
 297
 177
 211
 182
 222
 302
 215
 287
 164
 178
 222
 219
 663
 167
 232
 222
 342
 140
 285
 264
 241
 302
 228
 227
 180
 260
 246
 134
 396
 256
 189
  96
 222
 181
 166
 189
 172
 250
 226
 148
 250
 201
 165
 115
 173
 268
 168
 170
 174
 204
 236
 188
 184
 485
 231
 178
 238
 290
 201
 293
 322
 246
 100
 240
 211
 216
 131
 170
 224
 176
 223
 164
 200
 167
 231
  98
 121
 172
 165
 350
 287
 312
 309
 319
 176
 208
 228
 174
 174
 264
 210
 240
 222
 174
 174
 160
 147
 193
 232
 140
 162
 463
 253
 176
 665
 459
 226
 175
 685
 182
 172
 222
 239
 229
 300
 181
 235
 182
 176
 289
 225
 221
 156
 102
 221
 175
 167
 109
 184
  97
 224
 167
 217
 176
 165
 185
 219
 232
  89
 228
 292
 166
 176
  96
 161
 166
 104
 319
 250
 213
 182
 582
  89
 227
 288
 630
 223
 172
 227
 176
 625
 103
 225
 176
 214
 134
 368
 176
 178
 233
 163
 166
 280
 224
 160
 155
 171
 163
 188
 193
  96
 169
 237
 175
 329
 325
 277
 185
 227
 228
 161
 187
 200
 193
 108
 206
 380
 152
 185
 207
 160
 163
 731
 327
 257
 187
 290
 307
 242
 231
 427
 401
 247
 234
 282
 226
 182
 235
 166
 167
 221
 165
 189
 180
 287
 651
 215
 186
 224
 382
 280
 173
 100
 236
 360
 279
 163
 232
 306
 213
 222
 256
 159
 185
  91
 768
 216
 705
 255
 195
 304
 154
 263
 196
 282
 336
 206
 179
 603
 986
 661
 528
 455
 302
 281
 511
 542
 496
 523
 560
 490
 526
 515
 719
 499
 310
 271
 266
 521
 599
 301
 408
 490
 386
 340
 124
 152
 450
 380
 170
 146
 213
 186
 157
 305
 119
 233
 158
 225
 180
 164
 231
 160
 215
 168
 155
  95
 167
 230
 165
 222
 166
 220
 206
 178
 293
 173
 159
 154
 168
 231
 104
 293
 160
 175
 226
 256
 250
 215
 295
 214
 241
 385
 251
 254
 248
 239
 227
 169
 181
 171
 238
 162
 104
 211
 182
 219
 159
 205
 193
 233
 671
 200
 221
 230
 172
 100
 293
 212
 268
 176
 217
 232
 102
 174
 195
  89
 549
 292
 196
 183
 398
 282
 283
 277
 246
 151
 256
 179
 341
 183
 309
 326
 342
 141
 127
 297
 252
 266
 286
 178
 749
 268
 178
 161
 167
 178
  94
 148
  94
 174
  99
  94
 402
 160
 181
 158
 670
 207
  97
 165
  97
 221
 230
 165
  95
 173
 273
 187
 205
 296
  89
 172
 221
 211
 180
 132
 224
 147
 164
 128
  97
 153
 378
 295
 232
 226
 173
 152
 122
 130
 166
 181
 173
 229
 216
 177
 189
 230
 218
 161
 144
  91
 146
  99
 287
 205
 213
 172
 113
 163
 182
 164
 174
 167
 174
  91
 150
 101
 197
  95
 180
 171
 196
 163
 165
  99
 152
 177
 164
 221
 196
 161
 101
 101
 221
 168
 205
 177
 172
 248
  99
 172
 160
 233
 217
 223
 249
 157
 148
 223
 165
 234
 218
 228
 217
 162
 217
 234
 238
 157
 149
 250
 239
 264
 222
 222
 130
 302
  92
 226
 171
 255
 163
 217
 239
 224
 231
 252
 165
 160
 668
 367
  86
 230
 224
 196
 161
 220
 166
 244
 230
 238
 255
 245
 140
 248
 252
 173
 239
 205
 213
 162
 247
 151
 106
 163
 177
 238
 227
 328
 223
 207
  98
 227
 162
 154
 309
 192
 286
 190
 197
 184
 167
 164
  91
 233
 221
  94
 477
 238
 407
 281
 186
 291
 277
 291
 177
 397
 383
 232
 188
 175
 157
 147
 250
 119
 172
 169
 162
 211
 213
 192
 124
 229
 163
 167
 154
 163
 167
 175
 122
 160
 158
 220
 163
 176
 169
 200
 158
 171
 133
 129
 178
 154
 143
 173
 183
 191
 188
 202
 166
 112
  81
 170
 163
 170
 170
 183
 170
 169
 206
 202
 170
 242
 162
 143
 160
  96
 150
 166
 175
 169
 166
  90
 167
 175
 126
 290
 167
 205
 164
 220
 167
 161
 220
 206
 236
 113
 291
 282
 274
 403
 193
 188
 227
 198
 162
 170
 243
 228
 249
 254
 249
 234
 155
 204
 150
 164
 172
 155
 182
 144
 294
 149
 664
 220
 212
  93
 170
 216
 168
 219
 157
 228
 163
 145
 327
 171
 186
 185
 139
  89
 154
 232
 151
 163
 157
 666
 254
 258
 377
 238
 258
 184
 262
 178
 197
 170
 161
 165
 163
 169
 226
 171
 245
 210
 247
 164
 193
 236
 218
 211
 247
 170
 160
 171
 165
 188
 343
 242
 247
 110
 216
 230
 168
 161
 163
 190
 217
 212
 220
 159
 343
 167
 234
 153
 227
 240
 223
 223
 221
 219
 221
 163
 227
 141
 181
 214
 163
 169
 180
 260
 170
 372
 255
 266
 177
 261
 253
 250
 166
 251
 118
 263
 167
 210
 209
 224
 234
 160
 143
 221
 245
 243
 267
 261
 231
 214
 265
 227
 214
 321
 161
 221
 244
 162
 234
 219
 234
 260
 184
 213
 176
 251
 252
 232
 202
 183
 169
 164
 173
 167
 311
 230
 194
 161
 224
 133
 190
 184
 162
 177
 171
 219
 190
 175
 183
 161
 160
 158
 171
 178
 177
 285
 220
 236
 106
 171
 244
 222
 218
 254
  99
 174
 165
 170
 209
 175
 174
 213
 165
 172
 164
 223
 217
 173
 110
  95
  94
 166
 166
 299
 216
 210
 226
 222
 623
 321
 197
 295
 322
 334
 196
 268
 351
 423
 321
 200
 263
 229
 209
 217
 317
 253
 155
 162
 163
 233
 171
 290
 167
 223
 167
 177
 188
 228
 314
 236
 216
 242
 246
 249
 138
 145
 235
 188
 233
 237
 229
 226
 294
 171
 211
 170
 239
 245
 220
 255
 255
 244
 240
 257
 210
 160
 253
 220
 220
 187
 230
 225
 225
 247
 275
 231
 224
 212
 236
 221
 158
 217
 230
 216
 166
 169
 220
 225
 216
 225
 245
 169
 230
 234
 313
 217
 256
 252
  99
 236
 204
 249
 148
 244
 229
 237
 170
 181
 313
 216
 213
 201
 227
 213
 169
 328
 234
 247
 172
 271
 243
 241
 279
 477
 311
 216
 321
 302
 309
 351
 312
 213
 202
 310
 322
 328
 476
 302
 325
 305
 325
 281
 216
 108
 285
 278
 190
 281
 283
 262
 357
 261
 265
 123
 180
 244
 241
 270
 169
 162
 227
 227
 161
 197
 396
 181
 267
 277
 286
 289
 295
 387
 228
 171
 229
 240
 227
 228
 216
 167
 217
 212
 168
 157
 199
 318
 146
 183
 163
 164
 215
 223
 333
 233
 216
 642
 154
 273
 194
 189
 194
 198
 229
 216
 227
 169
 337
 169
 274
 128
 243
 249
 153
 179
 127
 172
 162
 177
 227
 456
 209
 212
 234
 203
 168
 674
 186
 283
 101
 160
 368
 354
 167
 190
 394
 304
 184
 281
 184
 226
 157
 173
 486
 493
 455
 378
 393
 323
 462
 258
 277
 288
 204
 210
 275
 292
 184
 239
 267
 152
 225
  97
 171
 240
 182
 233
 659
 288
 367
 565
 392
 226
 385
 387
 246
 391
 397
 255
 182
 173
 253
 243
 165
 274
 219
 179
 228
 241
 245
 170
 334
 268
 239
 111
 252
 259
 207
 267
 240
 215
 240
 250
 212
 216
 287
 256
 162
 237
 240
 241
 199
 301
 519
 277
 293
 288
 304
 269
 278
 232
 212
 651
 305
 279
 205
 276
 172
 208
 235
 244
 170
 241
 291
 226
 217
 670
 207
 289
 288
 458
 308
 342
 195
 340
 193
 330
 319
 207
 336
 213
 334
 293
 335
 452
 103
 169
 201
 161
 217
 166
 349
 222
 207
 224
 234
 245
 162
 171
 215
 249
 233
 247
 178
 217
 414
 191
 123
 177
 166
 167
 226
 315
 231
 254
 168
 177
 228
 158
 227
 264
 176
 284
 266
 178
 279
 441
 268
 305
 242
 180
 203
 200
 357
 229
 406
 383
 359
 200
 236
 530
 216
 396
 379
 372
 384
 230
 232
 384
 357
 194
 258
 370
 384
 544
 383
 384
 230
 245
 378
 378
 506
 200
 232
 367
 379
 369
 368
 574
 197
 217
 380
 388
 377
 391
 400
 382
 178
 227
 230
 213
 163
 321
 143
 181
 245
 241
 245
 220
 346
 180
 257
 119
 153
 252
 182
 181
 263
 239
 253
 249
 276
 250
 181
 157
 171
 238
 265
 250
 209
 297
 212
 155
 156
 165
 183
 209
 295
 161
  90
 220
 176
 170
 197
 310
 213
 234
 234
 244
 237
 246
 248
 252
 261
 234
 176
 241
 226
 291
 385
 245
 161
 255
 182
 263
 263
 177
 251
  95
 223
 235
  91
 286
 169
 213
 161
 143
 157
 233
 243
 199
 200
 218
 220
 227
 229
 332
 261
 319
 203
 178
 228
 165
 288
 243
 166
 231
 248
 221
 175
 332
 226
 246
 226
 268
 246
 258
 297
 221
 165
 182
 178
  89
 205
 211
 230
 220
 161
 182
 160
 166
 297
 160
 157
 182
 156
 230
 221
  99
 229
 201
 224
 258
 232
 236
 166
 212
 170
 242
 168
 149
 217
 366
 287
 267
 183
 302
 158
 162
 280
 202
 141
 231
 248
 231
 167
 252
 170
 163
 263
 163
 236
 253
 322
 182
 264
 261
 256
 263
 266
 349
 259
 175
 206
 193
 211
 164
 269
 236
 246
 206
 225
 240
 294
 499
 295
 300
 331
 323
 205
 337
 449
 189
 195
 301
 322
 331
 321
 195
 215
 300
 304
 309
 193
 315
 343
 211
 300
 322
 195
 200
 192
 496
 179
 324
 301
 192
 294
 177
 309
 314
 317
 295
 227
 241
 212
 277
 246
 235
 221
 212
 170
 214
 290
 206
 217
 229
 179
 163
 240
 180
 239
 165
 231
 240
 240
 189
 320
 167
 223
 234
 167
 230
 219
 328
 261
 240
 235
 156
 251
 204
 282
 276
 246
 183
 246
 253
 264
 241
 276
 228
 255
 175
 160
 241
 306
 236
 240
 181
 164
 229
 234
 332
 474
 279
 289
 332
 208
 163
 217
 172
 254
 105
 247
 218
 227
 263
 236
 231
 239
 161
 233
 165
 172
 105
 234
 154
 125
 268
 165
 215
 280
 247
 287
 224
  90
 152
 196
  96
 143
 172
 170
  97
 222
 164
 211
 197
 219
 238
 230
 162
 236
 160
 220
 153
 194
 166
 204
 235
 182
 288
 285
 290
 236
 184
 176
 171
 186
 172
 230
 200
 174
 309
  92
  95
 126
 229
 162
 211
 168
 271
 260
 248
 206
 236
 114
 297
 180
 216
 164
 161
  93
 145
 653
 172
 174
  95
 168
 257
 216
 336
 171
  93
 166
  96
 144
  95
 212
 124
  92
 161
 155
 159
 151
 314
 217
 163
 220
 203
 165
 135
 435
 195
 240
 146
 156
 151
 139
 233
 240
 151
 137
 213
 104
 184
 321
 356
 295
 139
 134
 161
 362
1501
 148
 173
 113
 189
 158
 172
 244
 241
 480
 118
 183
 164
 229
 251
 203
 771
 166
 320
 138
 334
1608
 366
 234
 384
 380
 218
 387
 624
 260
 265
 424
 455
 262
 446
 282
 476
 491
 265
 398
 228
 342
 391
 379
 382
 228
 215
 378
 230
 222
 231
 380
 383
 365
 377
 365
 534
 378
 362
 360
 392
 362
 108
 277
 255
 227
 188
 242
 255
 121
 252
 203
 228
 224
 103
 160
 172
 363
 188
 280
 263
 174
 178
 234
 289
 650
 259
 160
 165
 221
 212
 328
 662
 381
 196
 198
 318
 321
 483
 169
 237
 237
 208
 174
 178
 242
 228
 251
 235
 182
 213
 201
 343
 244
 194
 195
 215
 367
 340
 247
 255
 267
 176
 105
 228
 165
 285
 395
 234
 297
 176
 228
 181
 216
 256
 144
 176
 178
 252
 237
 265
 228
 163
 240
 238
 204
 242
 311
 425
 285
 232
 179
 206
 170
  95
 204
 212
 224
 136
 162
 169
 227
 264
 251
 252
 233
 168
 173
 181
 215
 252
 229
 272
 254
 113
 337
 510
 391
 367
 147
 236
 241
 175
 252
 229
 230
 172
 234
 228
 231
 214
 160
 176
 170
 217
 208
 376
 228
 156
 167
 228
 236
 213
 292
 235
 224
 217
 240
 251
 172
 226
 163
 220
 209
 230
 170
 217
 324
 206
 209
 223
 226
 158
 224
 435
 270
 269
 261
 177
 197
 257
 357
 256
 224
 156
 176
 244
 249
 330
 219
 144
 198
 231
 152
 110
 158
 218
 232
 167
 237
 220
 233
 265
 259
 256
 256
 167
 233
 397
 221
 365
 241
 230
 367
 180
 182
 338
 235
 226
 174
 254
 207
 235
 348
 232
 232
 196
 228
 232
 155
 313
 263
 252
 168
 167
 218
 187
 162
 169
 224
 227
 158
 221
 203
 324
 381
 327
 317
 328
 320
 321
 322
 318
 298
 193
 276
 164
 237
 189
 302
 230
 207
 175
 174
 124
 180
 188
 224
 236
 218
 224
 171
 266
 250
 262
 257
 156
 260
 190
 246
 174
 253
 176
 242
 185
 177
 156
 249
 181
 251
 255
 177
 178
 399
 187
 255
 290
 279
 174
 188
 202
 293
 297
 280
 303
 163
 211
 337
 170
 166
 231
 245
 168
 154
 189
 225
 179
 212
 134
 158
 170
 166
 257
 229
 107
 252
 254
 211
 303
 134
 257
 169
 232
 163
 228
 237
 166
 164
 158
 250
 194
 371
 398
 404
 315
 303
 273
 280
 188
 286
 301
 295
 127
 169
 279
 226
 289
 288
 276
 272
 280
 159
 215
 262
 240
 218
 280
 314
 233
 330
 199
 221
 216
 168
 221
 229
 719
 173
 161
 220
 235
 161
 169
 167
 263
 156
 238
 187
 166
 172
 145
 159
 250
 203
 176
 193
 187
 235
 115
 241
 277
 167
 173
 238
 266
 299
 223
 232
 249
 245
 233
 235
 234
 211
 164
 154
 160
 233
 207
 279
 233
 243
 116
 248
 260
 178
 255
 153
 215
 383
 656
 261
 175
 248
 226
 161
 178
 249
 167
 164
 146
 175
 254
 258
 237
 264
 227
 252
 253
 228
 211
 159
 173
 191
 318
 284
 185
 287
 189
 158
  90
 225
 126
 104
 208
 164
 177
 188
  98
 170
  70
 656
 387
 382
 158
 177
 285
 225
 205
 350
 152
 199
 339
 320
 322
 207
 309
 319
 310
 302
 190
 289
 273
 274
 278
 269
 187
 150
 284
 194
 174
 219
 158
 214
 228
 227
 163
 142
 166
 174
 214
 223
 211
 233
 168
 225
 191
 306
 188
 178
  90
 191
 168
 162
 223
 246
 167
 221
 232
 171
 153
 217
 148
 136
 167
 176
 227
 154
 271
 114
 165
 197
 161
 239
 165
 147
 192
  86
 218
 182
 228
 227
 303
 236
 226
 176
 159
 163
 166
 208
 391
 548
 223
 166
 151
 179
 217
  90
 164
 166
 182
 164
 169
 259
 217
 189
 154
 209
 231
 216
 234
 120
 174
 164
 168
 619
 202
 247
 157
 516
 207
 185
 202
 158
 157
 159
 172
 162
 161
 152
 217
 189
 210
  88
 146
 180
 129
 154
 158
 150
  95
 158
 167
 171
 161
 957
 244
 239
 655
  88
 168
 121
 232
 240
 154
 252
 158
 155
 211
 317
  97
 183
 104
 121
  90
 165
 272
 170
 121
 163
 153
 174
 320
 244
 188
 156
 151
 224
 231
 174
 720
 109
 185
 192
 213
 171
 213
 104
 179
 194
 166
 178
 222
 193
 201
 331
 221
 528
 242
 240
 259
 381
 168
 153
 236
 273
 166
  97
 301
 226
 160
 175
 222
 211
 233
 168
 169
 176
 231
 221
 147
 233
 263
 166
 175
 233
 151
 145
 156
 375
 201
 294
 295
 298
 314
 197
 192
 299
 170
 295
 291
 188
 282
 181
 255
 276
 180
 179
 254
 259
 176
 220
 139
 275
 170
 170
 225
 309
 233
 211
 228
 214
 139
 164
 192
 102
 564
 342
 323
 165
 161
 990
 141
 148
 230
 456
 414
 348
 599
 200
 173
 102
 538
 321
 553
 572
 301
 520
 535
 283
 307
 408
 308
 334
 324
 197
 329
 334
 329
 322
 335
 199
 308
 204
 207
 334
 612
 184
 212
 166
 213
 100
 171
 333
 155
 251
 230
 185
 171
 170
 171
 252
 173
 236
 259
  94
 245
 228
 247
 185
 169
 253
 185
 201
 263
 215
 221
 197
 146
 227
 167
 252
 158
 224
 108
 237
 258
 181
 340
 241
 160
 213
 236
 219
 203
 244
 270
 252
 189
 181
 241
 202
 325
 171
 241
 246
 240
 165
 162
 165
 234
 242
 165
 238
 165
 107
 161
 177
 184
 219
 259
 263
 242
 270
 174
 254
 258
 260
 266
 133
 242
 222
 174
  95
 225
 221
 191
 254
 235
 239
 102
 246
 172
 236
 171
 257
 231
 262
 228
 263
 186
 173
 114
 172
 287
 271
 277
 227
 275
 270
 184
 180
 170
 213
 204
 173
 242
 220
 236
 191
 173
 382
 253
 190
 201
 166
 183
 106
 175
 318
 245
 171
 171
 156
 224
 165
 341
 162
 170
 176
 269
 281
 243
 243
 217
 237
 249
 137
 260
 611
 409
 230
 360
 389
 196
 333
 195
 463
 203
 319
 331
 345
 178
 330
 189
 176
 228
 163
 200
 220
 191
 396
 275
 276
 270
 270
 294
 301
 416
 276
 231
 223
 271
 218
 237
 167
 169
 263
 396
 355
 309
 317
 328
 324
 332
 325
 318
 317
 315
 456
 295
 324
 337
 318
 328
 289
 164
 158
 238
 189
 214
 169
 169
 291
 152
 253
 242
 229
 242
 122
 328
 201
 228
 235
 261
 247
 271
 330
 258
 186
 231
