1264
 335
 304
 309
 305
 290
 329
 301
 304
 310
 303
 301
 325
 239
 300
 316
 314
 302
 423
 349
 400
 277
 446
 323
 221
 271
 265
 339
 313
 348
 195
 384
 412
 384
 260
 284
 280
 270
 302
 323
 319
 345
 292
 228
 264
 240
 251
 260
 248
 251
 350
 243
 213
 250
 287
 254
 252
 261
 271
 296
 265
 272
 281
 251
 238
 212
 244
 232
 286
 266
 247
 248
 226
 226
 187
 230
 213
 248
 255
 209
 198
 258
 219
 281
 219
 271
 256
 214
 155
 225
 235
 233
 240
 230
 210
 121
 208
 221
 272
 276
 273
 180
 232
 104
 189
 273
 203
 251
 224
 210
 202
 220
 186
 274
 141
 252
 185
 188
 177
 289
 218
 223
 295
 278
 170
 276
 225
 191
 233
 199
 266
 204
 186
 256
 302
 139
 125
 264
 191
 160
 152
 243
 123
 305
 207
 331
 276
 256
 270
 280
 286
 183
 242
 308
 298
 302
 345
 225
 276
 270
 304
 301
 262
 233
 278
 370
 345
 311
 277
 283
 302
 343
 283
 265
 349
 279
 350
 288
 250
 238
 176
 327
 383
 269
 369
 307
 391
 355
 360
 285
 340
 217
 318
 164
 271
 192
 247
 225
 324
 180
 240
 264
 289
 194
 211
 174
 232
 228
 239
 162
 223
 170
 284
 155
 244
 242
 214
 214
 253
 200
 215
 175
 197
 213
 272
 219
 260
 176
 177
 168
 174
 189
 178
 232
 291
 206
 200
 188
 252
 280
 222
 183
 224
 209
  97
 190
 179
 175
 230
 183
 185
 179
 200
 198
 173
 155
 107
 164
 244
 114
 195
 204
 179
 215
 173
 119
 174
 192
 210
  98
 171
 183
 183
 194
 179
 198
 177
 165
 190
 181
 209
 189
 311
 177
 226
 196
 219
 201
 208
 239
 180
 246
 161
 156
 159
 107
 104
 231
 207
 225
 192
 217
 148
 146
 242
 212
 198
 235
  87
 161
  85
 186
 188
 247
 162
 157
 167
 144
 212
 171
 174
 164
 151
 157
 175
 184
 179
 187
 221
 237
 178
 167
 182
 128
 162
 196
 188
 188
 204
 190
 182
 211
 192
 196
 201
 145
 222
 222
 202
 187
 225
 270
 172
 230
 116
 250
 103
 185
 213
 216
 133
 194
 173
 224
 101
 203
 177
 208
 201
 146
 264
 175
  93
 216
 257
 201
 245
 111
 179
 165
 198
 177
 179
 180
 168
 241
 179
 178
 111
 185
 168
 212
 189
 103
 186
 221
 203
 209
 188
 215
 205
 220
 173
 265
 193
 180
 180
 155
 152
 202
 183
 183
 197
 226
 192
 189
 181
 216
 150
 205
 164
 158
 203
 166
 168
 148
 164
 168
 168
 172
 189
 183
 213
 222
 159
  91
 166
 195
 176
 180
 119
 241
 105
 203
 214
 179
 213
 195
 104
 193
 189
 102
 191
 274
 174
 174
 151
 110
 180
 207
 180
 220
 241
 256
 246
 163
 182
 168
 185
 192
 153
 179
 167
 196
 185
 185
 193
 196
 193
 205
 270
 210
 329
 179
  83
 336
 207
 305
 261
 297
 193
 322
 165
 149
 198
1111
  93
 218
 373
 194
  92
 266
 164
 320
  95
 165
 162
 293
 225
 291
 174
 214
 217
 280
 217
 208
 328
 276
 291
 198
 314
 227
 214
 273
 296
 257
 257
 209
 130
 241
 259
 189
 325
 129
 259
 189
 261
 181
 246
 241
 232
 164
 148
 152
 256
 162
 162
 191
 175
 259
 215
 167
 271
 172
 235
 154
 182
 253
 199
 174
 179
 164
 328
 175
 176
 158
 165
 275
 216
 160
 168
 170
 158
 191
 159
 157
 160
 179
 195
  93
 157
 175
 285
 157
  93
 159
 163
 146
 195
 201
 196
 102
 237
 131
 178
 210
 272
 283
 210
 234
 150
 232
 224
 228
  90
 142
 136
 221
 225
 177
 175
 169
  89
 202
 198
 163
 179
 169
 198
 160
 170
 167
 202
 160
 102
 144
 175
 173
 165
 182
 211
 185
 109
 175
 160
 170
 174
 160
 173
 162
 172
 162
 161
 164
 174
 179
 197
 157
 186
 169
 158
 237
 154
 170
 148
 184
 229
 185
 230
 225
 247
 212
 208
 151
 169
 223
 216
 159
 178
 228
 181
 230
 199
 190
 193
 235
 251
 151
 162
  88
 162
 223
 173
 157
  86
 198
  88
 176
 184
 175
 102
 145
 264
 260
  98
 211
 178
 158
 224
 187
 215
 230
 153
 168
 158
 169
 169
 209
 176
 201
 163
 162
 226
 184
 199
 203
 172
 214
 103
 222
 179
 231
 135
 194
 197
 152
 160
 209
  83
 155
 145
 170
 172
 166
 194
 182
 169
 193
 169
 179
 186
 181
 162
 194
 102
 193
 159
 171
  95
 265
 204
 187
 187
 155
 152
 164
 156
 222
 176
 162
 166
 190
 191
 100
 185
 148
 161
 164
 182
 240
 237
 192
 151
 218
 208
 159
 190
 193
 212
 228
 189
 201
 208
 189
 182
 201
 176
 159
 205
 134
 134
 107
 219
 189
 158
 245
 220
 146
 264
 158
 177
 171
 155
 209
 173
 151
 183
 112
 248
 188
 203
 156
 178
 201
 173
 260
 196
 200
 164
 260
 327
 309
 176
 253
 252
 156
 203
 220
 172
 313
 231
 271
 153
 177
 228
 227
 178
 221
 243
 242
 106
 330
 229
 374
 142
 196
 231
 242
 191
 175
 175
 218
 321
 198
 266
 228
 289
 228
 305
 239
 255
 194
 285
 271
 282
 193
 202
 290
 289
 209
 247
 195
 166
 241
 136
 175
 249
 196
 198
 219
 315
 153
 313
 220
 257
 218
 283
 204
 282
 195
 222
 317
 200
 220
 244
 213
 141
 156
 233
 188
 153
  84
 161
 171
 184
 191
 145
 157
 149
 146
 145
  98
 171
 172
 156
 159
 193
 157
 168
 156
 166
 152
 178
 271
 163
 169
 184
 175
 213
 151
 172
 205
 155
 155
 179
 175
 204
 170
 156
 162
 218
 158
 156
 174
 165
 203
 176
 159
 172
 173
 170
 200
 151
 237
 166
 178
 187
 195
 175
 184
 181
 166
 173
 174
 172
 928
 210
 160
 172
 160
 187
 226
 185
 161
  97
 200
 161
 156
  98
 141
 165
 160
 105
 159
 201
 178
 229
 187
 215
 195
 209
 239
 194
 106
 220
 166
 254
 189
 153
 173
